Distances between estimated and original density matrices using various distances:

Number of purity values tried = 2000
Number of density matrices per purity parameter = 500
Total number of measurements for each of X, Y and Z = 500

PURITY, 	OPERATOR, 	TRACE, 		FIDELITY, 	NON PHYSICAL
0.00000,	0.92939,	1.02358, 	1.24925, 	0.63200
0.00050,	0.92905,	1.02406, 	1.24887, 	0.62000
0.00100,	0.92802,	1.02215, 	1.24736, 	0.59600
0.00150,	0.92727,	1.02164, 	1.24539, 	0.56800
0.00200,	0.92514,	1.01927, 	1.24005, 	0.53200
0.00250,	0.92423,	1.01858, 	1.23900, 	0.50600
0.00300,	0.92153,	1.01553, 	1.23366, 	0.49000
0.00350,	0.92035,	1.01367, 	1.23112, 	0.49200
0.00400,	0.91937,	1.01251, 	1.23065, 	0.45200
0.00450,	0.91862,	1.01163, 	1.22851, 	0.46800
0.00500,	0.91800,	1.01092, 	1.22770, 	0.49400
0.00550,	0.91665,	1.00921, 	1.22517, 	0.45000
0.00600,	0.91532,	1.00785, 	1.22337, 	0.44200
0.00650,	0.91657,	1.01028, 	1.22545, 	0.40400
0.00700,	0.91409,	1.00697, 	1.22109, 	0.39200
0.00750,	0.91275,	1.00456, 	1.21883, 	0.39200
0.00800,	0.91461,	1.00717, 	1.22325, 	0.39400
0.00850,	0.91181,	1.00400, 	1.21722, 	0.34600
0.00900,	0.90799,	0.99993, 	1.20879, 	0.33800
0.00950,	0.90969,	1.00143, 	1.21384, 	0.31800
0.01000,	0.91042,	1.00283, 	1.21525, 	0.32600
0.01050,	0.90473,	0.99530, 	1.20403, 	0.31400
0.01100,	0.90502,	0.99622, 	1.20423, 	0.30400
0.01150,	0.90229,	0.99302, 	1.19887, 	0.27200
0.01200,	0.90340,	0.99447, 	1.20107, 	0.26600
0.01250,	0.90129,	0.99184, 	1.19721, 	0.23800
0.01300,	0.89918,	0.99006, 	1.19308, 	0.23400
0.01350,	0.90029,	0.99186, 	1.19553, 	0.20800
0.01400,	0.89563,	0.98639, 	1.18581, 	0.19400
0.01450,	0.89789,	0.98801, 	1.19149, 	0.22400
0.01500,	0.89545,	0.98542, 	1.18619, 	0.18800
0.01550,	0.89570,	0.98615, 	1.18696, 	0.18000
0.01600,	0.89712,	0.98664, 	1.19036, 	0.21200
0.01650,	0.89559,	0.98502, 	1.18775, 	0.18600
0.01700,	0.88989,	0.97998, 	1.17518, 	0.14000
0.01750,	0.89091,	0.98096, 	1.17800, 	0.16400
0.01800,	0.88873,	0.97840, 	1.17309, 	0.13000
0.01850,	0.88759,	0.97626, 	1.17147, 	0.13600
0.01900,	0.88676,	0.97516, 	1.17036, 	0.12600
0.01950,	0.88677,	0.97504, 	1.17107, 	0.14200
0.02000,	0.88637,	0.97428, 	1.17015, 	0.13000
0.02050,	0.88428,	0.97299, 	1.16520, 	0.10800
0.02100,	0.88317,	0.97125, 	1.16353, 	0.09600
0.02150,	0.88242,	0.97115, 	1.16121, 	0.07800
0.02200,	0.88053,	0.96855, 	1.15843, 	0.08200
0.02250,	0.87962,	0.96750, 	1.15731, 	0.08200
0.02300,	0.88033,	0.96835, 	1.15828, 	0.08600
0.02350,	0.87566,	0.96290, 	1.15032, 	0.09400
0.02400,	0.87516,	0.96261, 	1.14822, 	0.08800
0.02450,	0.87330,	0.96088, 	1.14461, 	0.06600
0.02500,	0.87519,	0.96289, 	1.14869, 	0.07200
0.02550,	0.87500,	0.96161, 	1.14926, 	0.08400
0.02600,	0.87183,	0.95939, 	1.14232, 	0.06200
0.02650,	0.87171,	0.95854, 	1.14235, 	0.05000
0.02700,	0.86920,	0.95549, 	1.13867, 	0.06000
0.02750,	0.87014,	0.95658, 	1.14067, 	0.05600
0.02800,	0.86845,	0.95498, 	1.13608, 	0.04200
0.02850,	0.86575,	0.95184, 	1.13162, 	0.04200
0.02900,	0.86703,	0.95238, 	1.13507, 	0.04800
0.02950,	0.86689,	0.95238, 	1.13376, 	0.05000
0.03000,	0.86284,	0.94843, 	1.12637, 	0.04400
0.03050,	0.86165,	0.94682, 	1.12456, 	0.04600
0.03100,	0.86322,	0.94892, 	1.12778, 	0.02400
0.03150,	0.85860,	0.94374, 	1.11947, 	0.03800
0.03200,	0.85863,	0.94366, 	1.11889, 	0.02600
0.03250,	0.85821,	0.94338, 	1.11811, 	0.02400
0.03300,	0.85788,	0.94304, 	1.11782, 	0.02200
0.03350,	0.85655,	0.94126, 	1.11559, 	0.02600
0.03400,	0.85523,	0.94012, 	1.11293, 	0.02000
0.03450,	0.85349,	0.93719, 	1.11018, 	0.02200
0.03500,	0.85523,	0.94001, 	1.11339, 	0.02400
0.03550,	0.84941,	0.93324, 	1.10330, 	0.00800
0.03600,	0.84959,	0.93373, 	1.10336, 	0.02000
0.03650,	0.84825,	0.93216, 	1.10184, 	0.02800
0.03700,	0.84837,	0.93181, 	1.10198, 	0.01600
0.03750,	0.84753,	0.93083, 	1.09991, 	0.00400
0.03800,	0.84725,	0.93084, 	1.09956, 	0.01400
0.03850,	0.84378,	0.92644, 	1.09432, 	0.01200
0.03900,	0.84516,	0.92782, 	1.09696, 	0.00800
0.03950,	0.84492,	0.92746, 	1.09676, 	0.01800
0.04000,	0.84235,	0.92501, 	1.09256, 	0.01600
0.04050,	0.83858,	0.92117, 	1.08530, 	0.00800
0.04100,	0.83755,	0.92042, 	1.08348, 	0.00400
0.04150,	0.83811,	0.92026, 	1.08546, 	0.00800
0.04200,	0.83613,	0.91822, 	1.08168, 	0.00800
0.04250,	0.83725,	0.91873, 	1.08452, 	0.00800
0.04300,	0.83309,	0.91454, 	1.07647, 	0.00000
0.04350,	0.83334,	0.91530, 	1.07772, 	0.01000
0.04400,	0.83262,	0.91341, 	1.07689, 	0.00600
0.04450,	0.83123,	0.91259, 	1.07394, 	0.01000
0.04500,	0.83014,	0.91153, 	1.07279, 	0.00800
0.04550,	0.82779,	0.90965, 	1.06809, 	0.00400
0.04600,	0.82847,	0.90986, 	1.06887, 	0.00000
0.04650,	0.82857,	0.90953, 	1.06982, 	0.00400
0.04700,	0.82697,	0.90746, 	1.06779, 	0.01000
0.04750,	0.82674,	0.90730, 	1.06768, 	0.00200
0.04800,	0.82416,	0.90564, 	1.06215, 	0.00400
0.04850,	0.82353,	0.90375, 	1.06210, 	0.00000
0.04900,	0.82411,	0.90508, 	1.06271, 	0.00000
0.04950,	0.82301,	0.90364, 	1.06164, 	0.00600
0.05000,	0.82134,	0.90154, 	1.05871, 	0.00200
0.05050,	0.81760,	0.89757, 	1.05271, 	0.00000
0.05100,	0.81802,	0.89818, 	1.05361, 	0.00200
0.05150,	0.81768,	0.89756, 	1.05281, 	0.00000
0.05200,	0.81585,	0.89584, 	1.04977, 	0.00000
0.05250,	0.81363,	0.89284, 	1.04673, 	0.00200
0.05300,	0.81738,	0.89688, 	1.05280, 	0.00400
0.05350,	0.81513,	0.89408, 	1.04975, 	0.00000
0.05400,	0.81108,	0.88979, 	1.04400, 	0.00000
0.05450,	0.81234,	0.89124, 	1.04514, 	0.00000
0.05500,	0.81108,	0.88927, 	1.04392, 	0.00000
0.05550,	0.80986,	0.88859, 	1.04202, 	0.00000
0.05600,	0.80621,	0.88463, 	1.03586, 	0.00000
0.05650,	0.80659,	0.88475, 	1.03711, 	0.00200
0.05700,	0.80535,	0.88316, 	1.03525, 	0.00200
0.05750,	0.80509,	0.88320, 	1.03472, 	0.00200
0.05800,	0.80113,	0.87826, 	1.02879, 	0.00000
0.05850,	0.80361,	0.88150, 	1.03280, 	0.00200
0.05900,	0.79929,	0.87736, 	1.02531, 	0.00000
0.05950,	0.80006,	0.87755, 	1.02709, 	0.00200
0.06000,	0.80080,	0.87808, 	1.02834, 	0.00000
0.06050,	0.79764,	0.87460, 	1.02402, 	0.00000
0.06100,	0.79746,	0.87494, 	1.02357, 	0.00000
0.06150,	0.79675,	0.87324, 	1.02330, 	0.00000
0.06200,	0.79405,	0.86999, 	1.01921, 	0.00000
0.06250,	0.79219,	0.86762, 	1.01675, 	0.00200
0.06300,	0.79650,	0.87391, 	1.02187, 	0.00000
0.06350,	0.79122,	0.86772, 	1.01437, 	0.00200
0.06400,	0.78821,	0.86509, 	1.00983, 	0.00000
0.06450,	0.78880,	0.86495, 	1.01135, 	0.00000
0.06500,	0.78828,	0.86425, 	1.01064, 	0.00000
0.06550,	0.78673,	0.86287, 	1.00832, 	0.00000
0.06600,	0.78293,	0.85883, 	1.00247, 	0.00000
0.06650,	0.78760,	0.86300, 	1.01004, 	0.00000
0.06700,	0.78456,	0.86053, 	1.00515, 	0.00000
0.06750,	0.78222,	0.85724, 	1.00231, 	0.00000
0.06800,	0.78159,	0.85694, 	1.00124, 	0.00000
0.06850,	0.78331,	0.85770, 	1.00452, 	0.00200
0.06900,	0.78128,	0.85658, 	1.00089, 	0.00000
0.06950,	0.77874,	0.85349, 	0.99758, 	0.00000
0.07000,	0.77766,	0.85331, 	0.99512, 	0.00000
0.07050,	0.77717,	0.85238, 	0.99507, 	0.00000
0.07100,	0.77634,	0.85080, 	0.99477, 	0.00000
0.07150,	0.77347,	0.84793, 	0.98993, 	0.00000
0.07200,	0.77261,	0.84604, 	0.98962, 	0.00000
0.07250,	0.77196,	0.84624, 	0.98827, 	0.00000
0.07300,	0.77130,	0.84552, 	0.98726, 	0.00000
0.07350,	0.77398,	0.84786, 	0.99181, 	0.00000
0.07400,	0.76927,	0.84306, 	0.98422, 	0.00000
0.07450,	0.76880,	0.84229, 	0.98452, 	0.00000
0.07500,	0.76610,	0.84007, 	0.97982, 	0.00000
0.07550,	0.76744,	0.84082, 	0.98222, 	0.00000
0.07600,	0.76754,	0.84024, 	0.98310, 	0.00000
0.07650,	0.76699,	0.83964, 	0.98242, 	0.00000
0.07700,	0.76398,	0.83642, 	0.97807, 	0.00000
0.07750,	0.76321,	0.83591, 	0.97712, 	0.00000
0.07800,	0.76267,	0.83506, 	0.97620, 	0.00000
0.07850,	0.76011,	0.83291, 	0.97236, 	0.00000
0.07900,	0.76028,	0.83319, 	0.97302, 	0.00000
0.07950,	0.76056,	0.83250, 	0.97384, 	0.00000
0.08000,	0.75562,	0.82778, 	0.96645, 	0.00000
0.08050,	0.75392,	0.82606, 	0.96406, 	0.00000
0.08100,	0.75652,	0.82845, 	0.96832, 	0.00000
0.08150,	0.75462,	0.82653, 	0.96548, 	0.00000
0.08200,	0.75350,	0.82529, 	0.96376, 	0.00000
0.08250,	0.75102,	0.82171, 	0.96109, 	0.00000
0.08300,	0.74993,	0.82060, 	0.95953, 	0.00000
0.08350,	0.74871,	0.81941, 	0.95804, 	0.00000
0.08400,	0.74737,	0.81794, 	0.95623, 	0.00000
0.08450,	0.74641,	0.81716, 	0.95497, 	0.00000
0.08500,	0.74664,	0.81784, 	0.95482, 	0.00000
0.08550,	0.74395,	0.81496, 	0.95121, 	0.00000
0.08600,	0.74517,	0.81557, 	0.95367, 	0.00000
0.08650,	0.74459,	0.81492, 	0.95258, 	0.00000
0.08700,	0.74269,	0.81269, 	0.95028, 	0.00000
0.08750,	0.74316,	0.81303, 	0.95116, 	0.00000
0.08800,	0.74051,	0.81022, 	0.94772, 	0.00000
0.08850,	0.74261,	0.81225, 	0.95073, 	0.00000
0.08900,	0.74054,	0.81049, 	0.94789, 	0.00000
0.08950,	0.73831,	0.80733, 	0.94548, 	0.00000
0.09000,	0.73691,	0.80620, 	0.94311, 	0.00000
0.09050,	0.73593,	0.80563, 	0.94141, 	0.00000
0.09100,	0.73721,	0.80630, 	0.94397, 	0.00000
0.09150,	0.73574,	0.80444, 	0.94211, 	0.00000
0.09200,	0.73365,	0.80273, 	0.93926, 	0.00000
0.09250,	0.73031,	0.79916, 	0.93438, 	0.00000
0.09300,	0.73058,	0.79932, 	0.93513, 	0.00000
0.09350,	0.73188,	0.80042, 	0.93697, 	0.00000
0.09400,	0.72618,	0.79426, 	0.92961, 	0.00000
0.09450,	0.72818,	0.79729, 	0.93177, 	0.00000
0.09500,	0.72595,	0.79410, 	0.92913, 	0.00000
0.09550,	0.72421,	0.79253, 	0.92674, 	0.00000
0.09600,	0.72487,	0.79282, 	0.92811, 	0.00000
0.09650,	0.72300,	0.79111, 	0.92530, 	0.00000
0.09700,	0.72148,	0.78915, 	0.92393, 	0.00000
0.09750,	0.71926,	0.78736, 	0.92032, 	0.00000
0.09800,	0.71933,	0.78732, 	0.92053, 	0.00000
0.09850,	0.71881,	0.78663, 	0.92027, 	0.00000
0.09900,	0.71809,	0.78603, 	0.91900, 	0.00000
0.09950,	0.71737,	0.78444, 	0.91929, 	0.00000
0.10000,	0.71313,	0.78060, 	0.91260, 	0.00000
0.10050,	0.71550,	0.78305, 	0.91610, 	0.00000
0.10100,	0.71360,	0.78098, 	0.91356, 	0.00000
0.10150,	0.71324,	0.77952, 	0.91415, 	0.00000
0.10200,	0.71216,	0.77877, 	0.91242, 	0.00000
0.10250,	0.70891,	0.77552, 	0.90814, 	0.00000
0.10300,	0.71241,	0.77853, 	0.91342, 	0.00000
0.10350,	0.71029,	0.77653, 	0.91028, 	0.00000
0.10400,	0.70727,	0.77370, 	0.90625, 	0.00000
0.10450,	0.70696,	0.77354, 	0.90558, 	0.00000
0.10500,	0.70389,	0.76964, 	0.90220, 	0.00000
0.10550,	0.70580,	0.77187, 	0.90459, 	0.00000
0.10600,	0.70563,	0.77085, 	0.90516, 	0.00000
0.10650,	0.70185,	0.76730, 	0.89991, 	0.00000
0.10700,	0.70116,	0.76651, 	0.89901, 	0.00000
0.10750,	0.70103,	0.76676, 	0.89891, 	0.00000
0.10800,	0.69983,	0.76476, 	0.89791, 	0.00000
0.10850,	0.69737,	0.76260, 	0.89447, 	0.00000
0.10900,	0.69760,	0.76243, 	0.89512, 	0.00000
0.10950,	0.69879,	0.76335, 	0.89705, 	0.00000
0.11000,	0.69645,	0.76080, 	0.89411, 	0.00000
0.11050,	0.69349,	0.75802, 	0.88994, 	0.00000
0.11100,	0.69557,	0.76003, 	0.89294, 	0.00000
0.11150,	0.69236,	0.75686, 	0.88872, 	0.00000
0.11200,	0.69240,	0.75688, 	0.88884, 	0.00000
0.11250,	0.68885,	0.75280, 	0.88453, 	0.00000
0.11300,	0.68986,	0.75340, 	0.88641, 	0.00000
0.11350,	0.68896,	0.75356, 	0.88420, 	0.00000
0.11400,	0.68928,	0.75250, 	0.88594, 	0.00000
0.11450,	0.68476,	0.74848, 	0.87960, 	0.00000
0.11500,	0.68851,	0.75179, 	0.88510, 	0.00000
0.11550,	0.68646,	0.74965, 	0.88237, 	0.00000
0.11600,	0.68238,	0.74621, 	0.87646, 	0.00000
0.11650,	0.68345,	0.74691, 	0.87833, 	0.00000
0.11700,	0.68383,	0.74660, 	0.87958, 	0.00000
0.11750,	0.68072,	0.74309, 	0.87580, 	0.00000
0.11800,	0.68092,	0.74398, 	0.87542, 	0.00000
0.11850,	0.67763,	0.74015, 	0.87162, 	0.00000
0.11900,	0.67646,	0.73923, 	0.86998, 	0.00000
0.11950,	0.67778,	0.73962, 	0.87283, 	0.00000
0.12000,	0.67879,	0.74131, 	0.87342, 	0.00000
0.12050,	0.67677,	0.73938, 	0.87088, 	0.00000
0.12100,	0.67366,	0.73500, 	0.86778, 	0.00000
0.12150,	0.67198,	0.73472, 	0.86445, 	0.00000
0.12200,	0.67400,	0.73519, 	0.86859, 	0.00000
0.12250,	0.67229,	0.73356, 	0.86643, 	0.00000
0.12300,	0.66923,	0.73006, 	0.86281, 	0.00000
0.12350,	0.66797,	0.72957, 	0.86043, 	0.00000
0.12400,	0.66883,	0.73036, 	0.86189, 	0.00000
0.12450,	0.67028,	0.73109, 	0.86450, 	0.00000
0.12500,	0.66827,	0.72901, 	0.86212, 	0.00000
0.12550,	0.66342,	0.72557, 	0.85438, 	0.00000
0.12600,	0.66317,	0.72452, 	0.85466, 	0.00000
0.12650,	0.66175,	0.72183, 	0.85415, 	0.00000
0.12700,	0.65957,	0.72046, 	0.85063, 	0.00000
0.12750,	0.65983,	0.72067, 	0.85098, 	0.00000
0.12800,	0.65761,	0.71844, 	0.84829, 	0.00000
0.12850,	0.65918,	0.71859, 	0.85167, 	0.00000
0.12900,	0.66021,	0.71995, 	0.85299, 	0.00000
0.12950,	0.65953,	0.71962, 	0.85167, 	0.00000
0.13000,	0.65589,	0.71568, 	0.84743, 	0.00000
0.13050,	0.65484,	0.71408, 	0.84653, 	0.00000
0.13100,	0.65464,	0.71464, 	0.84562, 	0.00000
0.13150,	0.65256,	0.71192, 	0.84361, 	0.00000
0.13200,	0.65183,	0.71109, 	0.84283, 	0.00000
0.13250,	0.65198,	0.71090, 	0.84346, 	0.00000
0.13300,	0.64913,	0.70779, 	0.83998, 	0.00000
0.13350,	0.64857,	0.70747, 	0.83924, 	0.00000
0.13400,	0.64923,	0.70826, 	0.83996, 	0.00000
0.13450,	0.64975,	0.70818, 	0.84116, 	0.00000
0.13500,	0.64427,	0.70361, 	0.83343, 	0.00000
0.13550,	0.64679,	0.70555, 	0.83729, 	0.00000
0.13600,	0.64355,	0.70226, 	0.83329, 	0.00000
0.13650,	0.64377,	0.70199, 	0.83409, 	0.00000
0.13700,	0.64344,	0.70152, 	0.83378, 	0.00000
0.13750,	0.64322,	0.70110, 	0.83387, 	0.00000
0.13800,	0.63659,	0.69555, 	0.82435, 	0.00000
0.13850,	0.63688,	0.69473, 	0.82575, 	0.00000
0.13900,	0.63770,	0.69521, 	0.82734, 	0.00000
0.13950,	0.63640,	0.69467, 	0.82489, 	0.00000
0.14000,	0.63569,	0.69324, 	0.82475, 	0.00000
0.14050,	0.63377,	0.69125, 	0.82245, 	0.00000
0.14100,	0.63310,	0.69074, 	0.82158, 	0.00000
0.14150,	0.63553,	0.69262, 	0.82539, 	0.00000
0.14200,	0.62992,	0.68742, 	0.81776, 	0.00000
0.14250,	0.63299,	0.68978, 	0.82232, 	0.00000
0.14300,	0.62865,	0.68569, 	0.81675, 	0.00000
0.14350,	0.63071,	0.68713, 	0.82002, 	0.00000
0.14400,	0.62688,	0.68326, 	0.81545, 	0.00000
0.14450,	0.62521,	0.68194, 	0.81298, 	0.00000
0.14500,	0.62795,	0.68388, 	0.81720, 	0.00000
0.14550,	0.62544,	0.68175, 	0.81375, 	0.00000
0.14600,	0.62454,	0.68118, 	0.81242, 	0.00000
0.14650,	0.62425,	0.68049, 	0.81244, 	0.00000
0.14700,	0.62292,	0.67906, 	0.81084, 	0.00000
0.14750,	0.62130,	0.67712, 	0.80932, 	0.00000
0.14800,	0.62268,	0.67834, 	0.81134, 	0.00000
0.14850,	0.61932,	0.67467, 	0.80732, 	0.00000
0.14900,	0.61633,	0.67214, 	0.80313, 	0.00000
0.14950,	0.61579,	0.67121, 	0.80293, 	0.00000
0.15000,	0.61656,	0.67261, 	0.80336, 	0.00000
0.15050,	0.61509,	0.67001, 	0.80282, 	0.00000
0.15100,	0.61317,	0.66872, 	0.79963, 	0.00000
0.15150,	0.61395,	0.66891, 	0.80140, 	0.00000
0.15200,	0.61031,	0.66527, 	0.79706, 	0.00000
0.15250,	0.60770,	0.66265, 	0.79375, 	0.00000
0.15300,	0.61045,	0.66538, 	0.79730, 	0.00000
0.15350,	0.61068,	0.66482, 	0.79843, 	0.00000
0.15400,	0.60969,	0.66403, 	0.79706, 	0.00000
0.15450,	0.60838,	0.66297, 	0.79519, 	0.00000
0.15500,	0.60646,	0.65966, 	0.79440, 	0.00000
0.15550,	0.60458,	0.65889, 	0.79090, 	0.00000
0.15600,	0.60372,	0.65821, 	0.78958, 	0.00000
0.15650,	0.60318,	0.65730, 	0.78957, 	0.00000
0.15700,	0.60352,	0.65765, 	0.79005, 	0.00000
0.15750,	0.60148,	0.65552, 	0.78754, 	0.00000
0.15800,	0.59864,	0.65191, 	0.78495, 	0.00000
0.15850,	0.59972,	0.65319, 	0.78618, 	0.00000
0.15900,	0.59768,	0.65053, 	0.78429, 	0.00000
0.15950,	0.59654,	0.65022, 	0.78206, 	0.00000
0.16000,	0.59746,	0.65083, 	0.78359, 	0.00000
0.16050,	0.59331,	0.64641, 	0.77884, 	0.00000
0.16100,	0.59464,	0.64794, 	0.78021, 	0.00000
0.16150,	0.59373,	0.64629, 	0.78007, 	0.00000
0.16200,	0.59244,	0.64499, 	0.77865, 	0.00000
0.16250,	0.59154,	0.64436, 	0.77706, 	0.00000
0.16300,	0.59008,	0.64213, 	0.77626, 	0.00000
0.16350,	0.59135,	0.64369, 	0.77764, 	0.00000
0.16400,	0.59050,	0.64224, 	0.77728, 	0.00000
0.16450,	0.58733,	0.63927, 	0.77318, 	0.00000
0.16500,	0.58568,	0.63812, 	0.77061, 	0.00000
0.16550,	0.58581,	0.63792, 	0.77119, 	0.00000
0.16600,	0.58497,	0.63673, 	0.77065, 	0.00000
0.16650,	0.58236,	0.63474, 	0.76675, 	0.00000
0.16700,	0.58122,	0.63348, 	0.76563, 	0.00000
0.16750,	0.58348,	0.63467, 	0.76967, 	0.00000
0.16800,	0.58248,	0.63383, 	0.76833, 	0.00000
0.16850,	0.57815,	0.62955, 	0.76284, 	0.00000
0.16900,	0.57574,	0.62723, 	0.75989, 	0.00000
0.16950,	0.57621,	0.62793, 	0.76028, 	0.00000
0.17000,	0.57626,	0.62702, 	0.76150, 	0.00000
0.17050,	0.57586,	0.62694, 	0.76064, 	0.00000
0.17100,	0.57604,	0.62645, 	0.76187, 	0.00000
0.17150,	0.57610,	0.62691, 	0.76157, 	0.00000
0.17200,	0.57223,	0.62336, 	0.75639, 	0.00000
0.17250,	0.56938,	0.62013, 	0.75340, 	0.00000
0.17300,	0.56983,	0.62003, 	0.75474, 	0.00000
0.17350,	0.56801,	0.61860, 	0.75206, 	0.00000
0.17400,	0.56663,	0.61705, 	0.75057, 	0.00000
0.17450,	0.56844,	0.61792, 	0.75400, 	0.00000
0.17500,	0.56840,	0.61879, 	0.75297, 	0.00000
0.17550,	0.56711,	0.61632, 	0.75280, 	0.00000
0.17600,	0.56401,	0.61445, 	0.74756, 	0.00000
0.17650,	0.56320,	0.61271, 	0.74784, 	0.00000
0.17700,	0.56540,	0.61505, 	0.75035, 	0.00000
0.17750,	0.56210,	0.61143, 	0.74677, 	0.00000
0.17800,	0.56048,	0.60995, 	0.74459, 	0.00000
0.17850,	0.55945,	0.60874, 	0.74376, 	0.00000
0.17900,	0.55981,	0.60928, 	0.74396, 	0.00000
0.17950,	0.55936,	0.60798, 	0.74459, 	0.00000
0.18000,	0.55568,	0.60462, 	0.73965, 	0.00000
0.18050,	0.55624,	0.60534, 	0.74025, 	0.00000
0.18100,	0.55352,	0.60230, 	0.73734, 	0.00000
0.18150,	0.55322,	0.60248, 	0.73648, 	0.00000
0.18200,	0.55433,	0.60300, 	0.73857, 	0.00000
0.18250,	0.55353,	0.60178, 	0.73821, 	0.00000
0.18300,	0.54907,	0.59795, 	0.73206, 	0.00000
0.18350,	0.55073,	0.59940, 	0.73437, 	0.00000
0.18400,	0.54794,	0.59586, 	0.73203, 	0.00000
0.18450,	0.54838,	0.59644, 	0.73245, 	0.00000
0.18500,	0.54878,	0.59616, 	0.73390, 	0.00000
0.18550,	0.54693,	0.59498, 	0.73074, 	0.00000
0.18600,	0.54388,	0.59255, 	0.72640, 	0.00000
0.18650,	0.54257,	0.59007, 	0.72634, 	0.00000
0.18700,	0.54540,	0.59226, 	0.73066, 	0.00000
0.18750,	0.54457,	0.59157, 	0.72949, 	0.00000
0.18800,	0.54070,	0.58801, 	0.72446, 	0.00000
0.18850,	0.54176,	0.58863, 	0.72636, 	0.00000
0.18900,	0.54094,	0.58790, 	0.72526, 	0.00000
0.18950,	0.54145,	0.58849, 	0.72590, 	0.00000
0.19000,	0.53825,	0.58543, 	0.72179, 	0.00000
0.19050,	0.53744,	0.58428, 	0.72137, 	0.00000
0.19100,	0.53374,	0.58028, 	0.71737, 	0.00000
0.19150,	0.53542,	0.58231, 	0.71903, 	0.00000
0.19200,	0.53579,	0.58187, 	0.72059, 	0.00000
0.19250,	0.53085,	0.57670, 	0.71495, 	0.00000
0.19300,	0.53199,	0.57785, 	0.71635, 	0.00000
0.19350,	0.52905,	0.57560, 	0.71188, 	0.00000
0.19400,	0.53000,	0.57631, 	0.71342, 	0.00000
0.19450,	0.52856,	0.57475, 	0.71193, 	0.00000
0.19500,	0.53039,	0.57553, 	0.71566, 	0.00000
0.19550,	0.52698,	0.57209, 	0.71151, 	0.00000
0.19600,	0.52716,	0.57231, 	0.71187, 	0.00000
0.19650,	0.52611,	0.57131, 	0.71058, 	0.00000
0.19700,	0.52425,	0.56986, 	0.70778, 	0.00000
0.19750,	0.52329,	0.56860, 	0.70707, 	0.00000
0.19800,	0.52355,	0.56814, 	0.70843, 	0.00000
0.19850,	0.52008,	0.56490, 	0.70393, 	0.00000
0.19900,	0.52104,	0.56600, 	0.70504, 	0.00000
0.19950,	0.52181,	0.56619, 	0.70672, 	0.00000
0.20000,	0.51686,	0.56177, 	0.70007, 	0.00000
0.20050,	0.51716,	0.56186, 	0.70080, 	0.00000
0.20100,	0.51502,	0.56008, 	0.69780, 	0.00000
0.20150,	0.51480,	0.55888, 	0.69886, 	0.00000
0.20200,	0.51485,	0.55903, 	0.69895, 	0.00000
0.20250,	0.51094,	0.55560, 	0.69356, 	0.00000
0.20300,	0.51152,	0.55528, 	0.69563, 	0.00000
0.20350,	0.51305,	0.55688, 	0.69739, 	0.00000
0.20400,	0.50972,	0.55384, 	0.69305, 	0.00000
0.20450,	0.51162,	0.55494, 	0.69655, 	0.00000
0.20500,	0.50782,	0.55113, 	0.69208, 	0.00000
0.20550,	0.50689,	0.55039, 	0.69069, 	0.00000
0.20600,	0.50767,	0.55084, 	0.69215, 	0.00000
0.20650,	0.50502,	0.54879, 	0.68807, 	0.00000
0.20700,	0.50279,	0.54631, 	0.68586, 	0.00000
0.20750,	0.50466,	0.54782, 	0.68862, 	0.00000
0.20800,	0.50310,	0.54600, 	0.68722, 	0.00000
0.20850,	0.50065,	0.54352, 	0.68440, 	0.00000
0.20900,	0.49967,	0.54233, 	0.68360, 	0.00000
0.20950,	0.49973,	0.54234, 	0.68369, 	0.00000
0.21000,	0.49712,	0.54031, 	0.67984, 	0.00000
0.21050,	0.49710,	0.53965, 	0.68072, 	0.00000
0.21100,	0.49752,	0.53985, 	0.68161, 	0.00000
0.21150,	0.50079,	0.54240, 	0.68673, 	0.00000
0.21200,	0.49500,	0.53704, 	0.67912, 	0.00000
0.21250,	0.49543,	0.53800, 	0.67896, 	0.00000
0.21300,	0.49615,	0.53804, 	0.68085, 	0.00000
0.21350,	0.49211,	0.53446, 	0.67537, 	0.00000
0.21400,	0.49338,	0.53499, 	0.67810, 	0.00000
0.21450,	0.49470,	0.53605, 	0.68012, 	0.00000
0.21500,	0.48999,	0.53163, 	0.67400, 	0.00000
0.21550,	0.48973,	0.53172, 	0.67327, 	0.00000
0.21600,	0.48762,	0.52880, 	0.67191, 	0.00000
0.21650,	0.48790,	0.52894, 	0.67253, 	0.00000
0.21700,	0.48830,	0.52927, 	0.67313, 	0.00000
0.21750,	0.48511,	0.52688, 	0.66830, 	0.00000
0.21800,	0.48605,	0.52741, 	0.67005, 	0.00000
0.21850,	0.48222,	0.52334, 	0.66595, 	0.00000
0.21900,	0.48482,	0.52543, 	0.66984, 	0.00000
0.21950,	0.47928,	0.52073, 	0.66194, 	0.00000
0.22000,	0.48500,	0.52455, 	0.67187, 	0.00000
0.22050,	0.48173,	0.52181, 	0.66709, 	0.00000
0.22100,	0.47801,	0.51879, 	0.66158, 	0.00000
0.22150,	0.47837,	0.51901, 	0.66236, 	0.00000
0.22200,	0.47916,	0.51916, 	0.66428, 	0.00000
0.22250,	0.47561,	0.51623, 	0.65908, 	0.00000
0.22300,	0.47484,	0.51503, 	0.65891, 	0.00000
0.22350,	0.47417,	0.51426, 	0.65828, 	0.00000
0.22400,	0.47118,	0.51060, 	0.65581, 	0.00000
0.22450,	0.47154,	0.51132, 	0.65572, 	0.00000
0.22500,	0.46947,	0.50911, 	0.65353, 	0.00000
0.22550,	0.47041,	0.51006, 	0.65469, 	0.00000
0.22600,	0.47009,	0.50942, 	0.65482, 	0.00000
0.22650,	0.46797,	0.50741, 	0.65219, 	0.00000
0.22700,	0.46729,	0.50690, 	0.65114, 	0.00000
0.22750,	0.46757,	0.50726, 	0.65139, 	0.00000
0.22800,	0.46819,	0.50710, 	0.65346, 	0.00000
0.22850,	0.46473,	0.50375, 	0.64915, 	0.00000
0.22900,	0.46342,	0.50332, 	0.64633, 	0.00000
0.22950,	0.46445,	0.50320, 	0.64941, 	0.00000
0.23000,	0.46248,	0.50117, 	0.64711, 	0.00000
0.23050,	0.46160,	0.49966, 	0.64709, 	0.00000
0.23100,	0.46112,	0.49953, 	0.64604, 	0.00000
0.23150,	0.46000,	0.49834, 	0.64493, 	0.00000
0.23200,	0.45954,	0.49812, 	0.64403, 	0.00000
0.23250,	0.45691,	0.49532, 	0.64120, 	0.00000
0.23300,	0.45632,	0.49414, 	0.64152, 	0.00000
0.23350,	0.45534,	0.49380, 	0.63928, 	0.00000
0.23400,	0.45371,	0.49166, 	0.63823, 	0.00000
0.23450,	0.45338,	0.49089, 	0.63861, 	0.00000
0.23500,	0.45547,	0.49333, 	0.64060, 	0.00000
0.23550,	0.45070,	0.48873, 	0.63467, 	0.00000
0.23600,	0.45096,	0.48846, 	0.63584, 	0.00000
0.23650,	0.45053,	0.48738, 	0.63653, 	0.00000
0.23700,	0.44767,	0.48588, 	0.63088, 	0.00000
0.23750,	0.44825,	0.48619, 	0.63205, 	0.00000
0.23800,	0.44691,	0.48415, 	0.63163, 	0.00000
0.23850,	0.44600,	0.48341, 	0.63030, 	0.00000
0.23900,	0.44434,	0.48165, 	0.62853, 	0.00000
0.23950,	0.44406,	0.48111, 	0.62869, 	0.00000
0.24000,	0.44232,	0.47952, 	0.62640, 	0.00000
0.24050,	0.44424,	0.48067, 	0.63003, 	0.00000
0.24100,	0.44008,	0.47709, 	0.62412, 	0.00000
0.24150,	0.44113,	0.47772, 	0.62619, 	0.00000
0.24200,	0.44060,	0.47699, 	0.62593, 	0.00000
0.24250,	0.43776,	0.47414, 	0.62258, 	0.00000
0.24300,	0.43848,	0.47478, 	0.62359, 	0.00000
0.24350,	0.43718,	0.47298, 	0.62294, 	0.00000
0.24400,	0.43791,	0.47345, 	0.62431, 	0.00000
0.24450,	0.43826,	0.47347, 	0.62533, 	0.00000
0.24500,	0.43516,	0.47100, 	0.62062, 	0.00000
0.24550,	0.43330,	0.46917, 	0.61845, 	0.00000
0.24600,	0.43225,	0.46776, 	0.61776, 	0.00000
0.24650,	0.43116,	0.46649, 	0.61687, 	0.00000
0.24700,	0.42922,	0.46487, 	0.61404, 	0.00000
0.24750,	0.43120,	0.46630, 	0.61748, 	0.00000
0.24800,	0.42981,	0.46529, 	0.61521, 	0.00000
0.24850,	0.42409,	0.45975, 	0.60791, 	0.00000
0.24900,	0.42797,	0.46287, 	0.61406, 	0.00000
0.24950,	0.42506,	0.46013, 	0.61030, 	0.00000
0.25000,	0.42409,	0.45883, 	0.60970, 	0.00000
0.25050,	0.42347,	0.45815, 	0.60911, 	0.00000
0.25100,	0.42157,	0.45638, 	0.60668, 	0.00000
0.25150,	0.42014,	0.45507, 	0.60478, 	0.00000
0.25200,	0.42035,	0.45496, 	0.60568, 	0.00000
0.25250,	0.42108,	0.45525, 	0.60736, 	0.00000
0.25300,	0.41777,	0.45204, 	0.60329, 	0.00000
0.25350,	0.41829,	0.45275, 	0.60352, 	0.00000
0.25400,	0.41691,	0.45176, 	0.60128, 	0.00000
0.25450,	0.41729,	0.45110, 	0.60370, 	0.00000
0.25500,	0.41381,	0.44803, 	0.59876, 	0.00000
0.25550,	0.41545,	0.44819, 	0.60345, 	0.00000
0.25600,	0.41496,	0.44896, 	0.60069, 	0.00000
0.25650,	0.41358,	0.44743, 	0.59927, 	0.00000
0.25700,	0.41106,	0.44417, 	0.59763, 	0.00000
0.25750,	0.41182,	0.44503, 	0.59851, 	0.00000
0.25800,	0.41082,	0.44403, 	0.59724, 	0.00000
0.25850,	0.40923,	0.44339, 	0.59373, 	0.00000
0.25900,	0.40577,	0.43931, 	0.59073, 	0.00000
0.25950,	0.40625,	0.44017, 	0.59059, 	0.00000
0.26000,	0.40488,	0.43824, 	0.59006, 	0.00000
0.26050,	0.40499,	0.43865, 	0.58969, 	0.00000
0.26100,	0.40465,	0.43778, 	0.59024, 	0.00000
0.26150,	0.40542,	0.43835, 	0.59159, 	0.00000
0.26200,	0.40024,	0.43275, 	0.58621, 	0.00000
0.26250,	0.40436,	0.43663, 	0.59165, 	0.00000
0.26300,	0.40097,	0.43322, 	0.58770, 	0.00000
0.26350,	0.39779,	0.43085, 	0.58241, 	0.00000
0.26400,	0.39775,	0.43026, 	0.58344, 	0.00000
0.26450,	0.39667,	0.42936, 	0.58177, 	0.00000
0.26500,	0.39802,	0.43016, 	0.58449, 	0.00000
0.26550,	0.39517,	0.42700, 	0.58167, 	0.00000
0.26600,	0.39397,	0.42628, 	0.57943, 	0.00000
0.26650,	0.39500,	0.42655, 	0.58216, 	0.00000
0.26700,	0.39233,	0.42443, 	0.57789, 	0.00000
0.26750,	0.39155,	0.42368, 	0.57694, 	0.00000
0.26800,	0.39182,	0.42388, 	0.57746, 	0.00000
0.26850,	0.38981,	0.42105, 	0.57666, 	0.00000
0.26900,	0.38892,	0.42078, 	0.57442, 	0.00000
0.26950,	0.38716,	0.41879, 	0.57279, 	0.00000
0.27000,	0.38902,	0.42013, 	0.57608, 	0.00000
0.27050,	0.38609,	0.41711, 	0.57271, 	0.00000
0.27100,	0.38563,	0.41721, 	0.57121, 	0.00000
0.27150,	0.38486,	0.41625, 	0.57062, 	0.00000
0.27200,	0.38591,	0.41693, 	0.57269, 	0.00000
0.27250,	0.38371,	0.41488, 	0.56981, 	0.00000
0.27300,	0.38227,	0.41312, 	0.56865, 	0.00000
0.27350,	0.38327,	0.41341, 	0.57128, 	0.00000
0.27400,	0.37996,	0.41080, 	0.56603, 	0.00000
0.27450,	0.37905,	0.40952, 	0.56563, 	0.00000
0.27500,	0.37847,	0.40918, 	0.56454, 	0.00000
0.27550,	0.37922,	0.40919, 	0.56706, 	0.00000
0.27600,	0.37600,	0.40667, 	0.56166, 	0.00000
0.27650,	0.37679,	0.40712, 	0.56341, 	0.00000
0.27700,	0.37411,	0.40448, 	0.56010, 	0.00000
0.27750,	0.37559,	0.40591, 	0.56202, 	0.00000
0.27800,	0.37372,	0.40398, 	0.55993, 	0.00000
0.27850,	0.37319,	0.40270, 	0.56079, 	0.00000
0.27900,	0.36814,	0.39868, 	0.55269, 	0.00000
0.27950,	0.37110,	0.40070, 	0.55821, 	0.00000
0.28000,	0.36954,	0.39907, 	0.55654, 	0.00000
0.28050,	0.36866,	0.39846, 	0.55505, 	0.00000
0.28100,	0.36841,	0.39776, 	0.55568, 	0.00000
0.28150,	0.36597,	0.39511, 	0.55306, 	0.00000
0.28200,	0.36555,	0.39540, 	0.55125, 	0.00000
0.28250,	0.36321,	0.39279, 	0.54887, 	0.00000
0.28300,	0.36506,	0.39396, 	0.55272, 	0.00000
0.28350,	0.36376,	0.39275, 	0.55085, 	0.00000
0.28400,	0.36489,	0.39351, 	0.55309, 	0.00000
0.28450,	0.36241,	0.39111, 	0.54992, 	0.00000
0.28500,	0.35974,	0.38898, 	0.54554, 	0.00000
0.28550,	0.36001,	0.38846, 	0.54749, 	0.00000
0.28600,	0.35770,	0.38668, 	0.54367, 	0.00000
0.28650,	0.35760,	0.38662, 	0.54354, 	0.00000
0.28700,	0.35792,	0.38620, 	0.54547, 	0.00000
0.28750,	0.35354,	0.38238, 	0.53914, 	0.00000
0.28800,	0.35246,	0.38092, 	0.53851, 	0.00000
0.28850,	0.35608,	0.38384, 	0.54450, 	0.00000
0.28900,	0.35200,	0.38119, 	0.53651, 	0.00000
0.28950,	0.35155,	0.37995, 	0.53773, 	0.00000
0.29000,	0.34989,	0.37860, 	0.53508, 	0.00000
0.29050,	0.35043,	0.37872, 	0.53664, 	0.00000
0.29100,	0.35210,	0.37919, 	0.54140, 	0.00000
0.29150,	0.34998,	0.37757, 	0.53763, 	0.00000
0.29200,	0.34640,	0.37469, 	0.53188, 	0.00000
0.29250,	0.34907,	0.37679, 	0.53633, 	0.00000
0.29300,	0.34678,	0.37453, 	0.53354, 	0.00000
0.29350,	0.34425,	0.37147, 	0.53164, 	0.00000
0.29400,	0.34399,	0.37164, 	0.53042, 	0.00000
0.29450,	0.34314,	0.37028, 	0.53048, 	0.00000
0.29500,	0.34293,	0.37011, 	0.53017, 	0.00000
0.29550,	0.34062,	0.36779, 	0.52750, 	0.00000
0.29600,	0.34123,	0.36844, 	0.52820, 	0.00000
0.29650,	0.34161,	0.36807, 	0.53033, 	0.00000
0.29700,	0.33790,	0.36503, 	0.52436, 	0.00000
0.29750,	0.33920,	0.36600, 	0.52658, 	0.00000
0.29800,	0.33754,	0.36471, 	0.52391, 	0.00000
0.29850,	0.33493,	0.36192, 	0.52113, 	0.00000
0.29900,	0.33644,	0.36272, 	0.52457, 	0.00000
0.29950,	0.33356,	0.36006, 	0.52048, 	0.00000
0.30000,	0.33269,	0.35911, 	0.51962, 	0.00000
0.30050,	0.33370,	0.35976, 	0.52176, 	0.00000
0.30100,	0.33185,	0.35824, 	0.51877, 	0.00000
0.30150,	0.32974,	0.35669, 	0.51497, 	0.00000
0.30200,	0.33052,	0.35655, 	0.51799, 	0.00000
0.30250,	0.32826,	0.35399, 	0.51592, 	0.00000
0.30300,	0.32890,	0.35481, 	0.51640, 	0.00000
0.30350,	0.32719,	0.35316, 	0.51404, 	0.00000
0.30400,	0.32656,	0.35219, 	0.51419, 	0.00000
0.30450,	0.32290,	0.34892, 	0.50880, 	0.00000
0.30500,	0.32576,	0.35086, 	0.51448, 	0.00000
0.30550,	0.32309,	0.34866, 	0.51006, 	0.00000
0.30600,	0.32373,	0.34901, 	0.51170, 	0.00000
0.30650,	0.32002,	0.34519, 	0.50726, 	0.00000
0.30700,	0.31992,	0.34561, 	0.50596, 	0.00000
0.30750,	0.32125,	0.34654, 	0.50870, 	0.00000
0.30800,	0.31977,	0.34486, 	0.50734, 	0.00000
0.30850,	0.31673,	0.34188, 	0.50341, 	0.00000
0.30900,	0.31811,	0.34262, 	0.50665, 	0.00000
0.30950,	0.31586,	0.34066, 	0.50319, 	0.00000
0.31000,	0.31601,	0.34093, 	0.50320, 	0.00000
0.31050,	0.31452,	0.33967, 	0.50077, 	0.00000
0.31100,	0.31405,	0.33871, 	0.50134, 	0.00000
0.31150,	0.31153,	0.33635, 	0.49795, 	0.00000
0.31200,	0.31194,	0.33659, 	0.49885, 	0.00000
0.31250,	0.31134,	0.33564, 	0.49906, 	0.00000
0.31300,	0.30846,	0.33338, 	0.49400, 	0.00000
0.31350,	0.30732,	0.33239, 	0.49218, 	0.00000
0.31400,	0.30857,	0.33273, 	0.49597, 	0.00000
0.31450,	0.30479,	0.32937, 	0.49019, 	0.00000
0.31500,	0.30453,	0.32919, 	0.48968, 	0.00000
0.31550,	0.30697,	0.33097, 	0.49459, 	0.00000
0.31600,	0.30300,	0.32742, 	0.48849, 	0.00000
0.31650,	0.30391,	0.32724, 	0.49229, 	0.00000
0.31700,	0.30248,	0.32629, 	0.48946, 	0.00000
0.31750,	0.30202,	0.32558, 	0.48962, 	0.00000
0.31800,	0.30283,	0.32636, 	0.49065, 	0.00000
0.31850,	0.29922,	0.32274, 	0.48606, 	0.00000
0.31900,	0.29916,	0.32265, 	0.48620, 	0.00000
0.31950,	0.29830,	0.32165, 	0.48532, 	0.00000
0.32000,	0.29744,	0.32052, 	0.48502, 	0.00000
0.32050,	0.29818,	0.32125, 	0.48608, 	0.00000
0.32100,	0.29665,	0.31934, 	0.48506, 	0.00000
0.32150,	0.29561,	0.31883, 	0.48243, 	0.00000
0.32200,	0.29388,	0.31718, 	0.48017, 	0.00000
0.32250,	0.29110,	0.31471, 	0.47576, 	0.00000
0.32300,	0.29132,	0.31455, 	0.47709, 	0.00000
0.32350,	0.29110,	0.31418, 	0.47714, 	0.00000
0.32400,	0.29016,	0.31301, 	0.47671, 	0.00000
0.32450,	0.28975,	0.31242, 	0.47669, 	0.00000
0.32500,	0.28985,	0.31226, 	0.47743, 	0.00000
0.32550,	0.28969,	0.31201, 	0.47765, 	0.00000
0.32600,	0.28473,	0.30731, 	0.47056, 	0.00000
0.32650,	0.28603,	0.30829, 	0.47304, 	0.00000
0.32700,	0.28465,	0.30708, 	0.47089, 	0.00000
0.32750,	0.28431,	0.30650, 	0.47121, 	0.00000
0.32800,	0.28249,	0.30531, 	0.46706, 	0.00000
0.32850,	0.28061,	0.30244, 	0.46739, 	0.00000
0.32900,	0.28247,	0.30384, 	0.47111, 	0.00000
0.32950,	0.27958,	0.30160, 	0.46563, 	0.00000
0.33000,	0.27907,	0.30096, 	0.46534, 	0.00000
0.33050,	0.27813,	0.30020, 	0.46374, 	0.00000
0.33100,	0.27586,	0.29825, 	0.46019, 	0.00000
0.33150,	0.27849,	0.29992, 	0.46605, 	0.00000
0.33200,	0.27586,	0.29732, 	0.46265, 	0.00000
0.33250,	0.27629,	0.29717, 	0.46477, 	0.00000
0.33300,	0.27431,	0.29572, 	0.46084, 	0.00000
0.33350,	0.27464,	0.29588, 	0.46190, 	0.00000
0.33400,	0.27315,	0.29376, 	0.46143, 	0.00000
0.33450,	0.27195,	0.29313, 	0.45848, 	0.00000
0.33500,	0.27207,	0.29306, 	0.45930, 	0.00000
0.33550,	0.27181,	0.29251, 	0.45962, 	0.00000
0.33600,	0.27078,	0.29107, 	0.45952, 	0.00000
0.33650,	0.27013,	0.29006, 	0.45967, 	0.00000
0.33700,	0.26902,	0.28931, 	0.45715, 	0.00000
0.33750,	0.26768,	0.28866, 	0.45365, 	0.00000
0.33800,	0.26594,	0.28667, 	0.45198, 	0.00000
0.33850,	0.26512,	0.28592, 	0.45091, 	0.00000
0.33900,	0.26397,	0.28453, 	0.45004, 	0.00000
0.33950,	0.26192,	0.28252, 	0.44733, 	0.00000
0.34000,	0.26356,	0.28361, 	0.45105, 	0.00000
0.34050,	0.26331,	0.28268, 	0.45278, 	0.00000
0.34100,	0.26055,	0.28037, 	0.44787, 	0.00000
0.34150,	0.25948,	0.28018, 	0.44395, 	0.00000
0.34200,	0.26201,	0.28133, 	0.45120, 	0.00000
0.34250,	0.25703,	0.27765, 	0.44066, 	0.00000
0.34300,	0.25759,	0.27716, 	0.44474, 	0.00000
0.34350,	0.25552,	0.27557, 	0.44084, 	0.00000
0.34400,	0.25510,	0.27507, 	0.44043, 	0.00000
0.34450,	0.25461,	0.27476, 	0.43926, 	0.00000
0.34500,	0.25325,	0.27281, 	0.43927, 	0.00000
0.34550,	0.25392,	0.27350, 	0.44011, 	0.00000
0.34600,	0.25317,	0.27271, 	0.43917, 	0.00000
0.34650,	0.25059,	0.27019, 	0.43572, 	0.00000
0.34700,	0.25133,	0.27056, 	0.43771, 	0.00000
0.34750,	0.25197,	0.27027, 	0.44142, 	0.00000
0.34800,	0.24774,	0.26782, 	0.43057, 	0.00000
0.34850,	0.24826,	0.26746, 	0.43394, 	0.00000
0.34900,	0.24790,	0.26724, 	0.43303, 	0.00000
0.34950,	0.24620,	0.26510, 	0.43205, 	0.00000
0.35000,	0.24532,	0.26417, 	0.43107, 	0.00000
0.35050,	0.24554,	0.26418, 	0.43198, 	0.00000
0.35100,	0.24377,	0.26263, 	0.42910, 	0.00000
0.35150,	0.24066,	0.25984, 	0.42398, 	0.00000
0.35200,	0.24194,	0.26064, 	0.42709, 	0.00000
0.35250,	0.24021,	0.25880, 	0.42513, 	0.00000
0.35300,	0.24147,	0.25991, 	0.42732, 	0.00000
0.35350,	0.23894,	0.25725, 	0.42443, 	0.00000
0.35400,	0.23767,	0.25582, 	0.42325, 	0.00000
0.35450,	0.23677,	0.25550, 	0.42029, 	0.00000
0.35500,	0.23814,	0.25596, 	0.42473, 	0.00000
0.35550,	0.23796,	0.25544, 	0.42571, 	0.00000
0.35600,	0.23379,	0.25228, 	0.41714, 	0.00000
0.35650,	0.23462,	0.25262, 	0.41964, 	0.00000
0.35700,	0.23384,	0.25116, 	0.42073, 	0.00000
0.35750,	0.23510,	0.25212, 	0.42339, 	0.00000
0.35800,	0.23073,	0.24902, 	0.41363, 	0.00000
0.35850,	0.22942,	0.24717, 	0.41356, 	0.00000
0.35900,	0.22900,	0.24720, 	0.41172, 	0.00000
0.35950,	0.23159,	0.24851, 	0.41948, 	0.00000
0.36000,	0.22590,	0.24381, 	0.40835, 	0.00000
0.36050,	0.22747,	0.24519, 	0.41112, 	0.00000
0.36100,	0.22635,	0.24333, 	0.41200, 	0.00000
0.36150,	0.22512,	0.24213, 	0.41014, 	0.00000
0.36200,	0.22396,	0.24169, 	0.40631, 	0.00000
0.36250,	0.22466,	0.24167, 	0.40955, 	0.00000
0.36300,	0.22250,	0.23992, 	0.40549, 	0.00000
0.36350,	0.22157,	0.23903, 	0.40422, 	0.00000
0.36400,	0.22084,	0.23803, 	0.40395, 	0.00000
0.36450,	0.21823,	0.23603, 	0.39801, 	0.00000
0.36500,	0.21843,	0.23540, 	0.40149, 	0.00000
0.36550,	0.21741,	0.23426, 	0.40039, 	0.00000
0.36600,	0.21704,	0.23382, 	0.40013, 	0.00000
0.36650,	0.21689,	0.23370, 	0.40002, 	0.00000
0.36700,	0.21448,	0.23128, 	0.39655, 	0.00000
0.36750,	0.21519,	0.23172, 	0.39859, 	0.00000
0.36800,	0.21659,	0.23259, 	0.40228, 	0.00000
0.36850,	0.21448,	0.23054, 	0.39913, 	0.00000
0.36900,	0.21220,	0.22842, 	0.39547, 	0.00000
0.36950,	0.21207,	0.22862, 	0.39410, 	0.00000
0.37000,	0.21157,	0.22744, 	0.39579, 	0.00000
0.37050,	0.21112,	0.22674, 	0.39615, 	0.00000
0.37100,	0.20844,	0.22429, 	0.39157, 	0.00000
0.37150,	0.20824,	0.22420, 	0.39097, 	0.00000
0.37200,	0.20776,	0.22334, 	0.39154, 	0.00000
0.37250,	0.20807,	0.22381, 	0.39167, 	0.00000
0.37300,	0.20559,	0.22124, 	0.38818, 	0.00000
0.37350,	0.20375,	0.21966, 	0.38485, 	0.00000
0.37400,	0.20278,	0.21886, 	0.38273, 	0.00000
0.37450,	0.20314,	0.21882, 	0.38482, 	0.00000
0.37500,	0.20165,	0.21750, 	0.38231, 	0.00000
0.37550,	0.20067,	0.21634, 	0.38157, 	0.00000
0.37600,	0.20325,	0.21798, 	0.38839, 	0.00000
0.37650,	0.20075,	0.21588, 	0.38361, 	0.00000
0.37700,	0.19912,	0.21438, 	0.38081, 	0.00000
0.37750,	0.19660,	0.21236, 	0.37545, 	0.00000
0.37800,	0.19837,	0.21336, 	0.38060, 	0.00000
0.37850,	0.19655,	0.21192, 	0.37693, 	0.00000
0.37900,	0.19681,	0.21198, 	0.37804, 	0.00000
0.37950,	0.19592,	0.21070, 	0.37777, 	0.00000
0.38000,	0.19341,	0.20857, 	0.37305, 	0.00000
0.38050,	0.19325,	0.20781, 	0.37456, 	0.00000
0.38100,	0.19077,	0.20597, 	0.36772, 	0.00000
0.38150,	0.18999,	0.20521, 	0.36779, 	0.00000
0.38200,	0.18943,	0.20441, 	0.36759, 	0.00000
0.38250,	0.19013,	0.20444, 	0.37169, 	0.00000
0.38300,	0.18968,	0.20434, 	0.36980, 	0.00000
0.38350,	0.18734,	0.20235, 	0.36500, 	0.00000
0.38400,	0.18774,	0.20193, 	0.36843, 	0.00000
0.38450,	0.18593,	0.20043, 	0.36461, 	0.00000
0.38500,	0.18493,	0.19961, 	0.36281, 	0.00000
0.38550,	0.18520,	0.19917, 	0.36581, 	0.00000
0.38600,	0.18340,	0.19794, 	0.36109, 	0.00000
0.38650,	0.18327,	0.19696, 	0.36449, 	0.00000
0.38700,	0.18136,	0.19545, 	0.36000, 	0.00000
0.38750,	0.18094,	0.19473, 	0.36063, 	0.00000
0.38800,	0.18104,	0.19488, 	0.36016, 	0.00000
0.38850,	0.18196,	0.19537, 	0.36333, 	0.00000
0.38900,	0.17975,	0.19322, 	0.35962, 	0.00000
0.38950,	0.17759,	0.19117, 	0.35603, 	0.00000
0.39000,	0.17570,	0.18994, 	0.34998, 	0.00000
0.39050,	0.17556,	0.18960, 	0.35092, 	0.00000
0.39100,	0.17514,	0.18907, 	0.35127, 	0.00000
0.39150,	0.17517,	0.18885, 	0.35214, 	0.00000
0.39200,	0.17518,	0.18821, 	0.35503, 	0.00000
0.39250,	0.17428,	0.18726, 	0.35422, 	0.00000
0.39300,	0.16995,	0.18418, 	0.34185, 	0.00000
0.39350,	0.17296,	0.18593, 	0.35146, 	0.00000
0.39400,	0.16968,	0.18330, 	0.34409, 	0.00000
0.39450,	0.16830,	0.18221, 	0.34150, 	0.00000
0.39500,	0.17000,	0.18257, 	0.34904, 	0.00000
0.39550,	0.16880,	0.18205, 	0.34441, 	0.00000
0.39600,	0.16636,	0.17984, 	0.33899, 	0.00000
0.39650,	0.16650,	0.17958, 	0.34202, 	0.00000
0.39700,	0.16553,	0.17871, 	0.33894, 	0.00000
0.39750,	0.16280,	0.17637, 	0.33333, 	0.00000
0.39800,	0.16424,	0.17695, 	0.34012, 	0.00000
0.39850,	0.16312,	0.17582, 	0.33738, 	0.00000
0.39900,	0.16135,	0.17447, 	0.33360, 	0.00000
0.39950,	0.16091,	0.17375, 	0.33350, 	0.00000
0.40000,	0.16014,	0.17308, 	0.33197, 	0.00000
0.40050,	0.15831,	0.17081, 	0.33126, 	0.00000
0.40100,	0.15765,	0.17038, 	0.32932, 	0.00000
0.40150,	0.15769,	0.17004, 	0.33188, 	0.00000
0.40200,	0.15672,	0.16933, 	0.32910, 	0.00000
0.40250,	0.15424,	0.16721, 	0.32236, 	0.00000
0.40300,	0.15608,	0.16811, 	0.32924, 	0.00000
0.40350,	0.15570,	0.16733, 	0.33075, 	0.00000
0.40400,	0.15300,	0.16568, 	0.32186, 	0.00000
0.40450,	0.15425,	0.16588, 	0.32894, 	0.00000
0.40500,	0.15157,	0.16405, 	0.32130, 	0.00000
0.40550,	0.14997,	0.16246, 	0.31862, 	0.00000
0.40600,	0.15014,	0.16203, 	0.32165, 	0.00000
0.40650,	0.15253,	0.16374, 	0.32785, 	0.00000
0.40700,	0.14957,	0.16101, 	0.32307, 	0.00000
0.40750,	0.14838,	0.15990, 	0.32044, 	0.00000
0.40800,	0.14899,	0.16005, 	0.32265, 	0.00000
0.40850,	0.14587,	0.15782, 	0.31360, 	0.00000
0.40900,	0.14545,	0.15716, 	0.31370, 	0.00000
0.40950,	0.14377,	0.15518, 	0.31304, 	0.00000
0.41000,	0.14115,	0.15309, 	0.30669, 	0.00000
0.41050,	0.14274,	0.15421, 	0.31125, 	0.00000
0.41100,	0.14117,	0.15284, 	0.30718, 	0.00000
0.41150,	0.14160,	0.15284, 	0.30984, 	0.00000
0.41200,	0.13934,	0.15084, 	0.30566, 	0.00000
0.41250,	0.13999,	0.15142, 	0.30658, 	0.00000
0.41300,	0.14011,	0.15096, 	0.30878, 	0.00000
0.41350,	0.13716,	0.14866, 	0.30074, 	0.00000
0.41400,	0.13700,	0.14841, 	0.30126, 	0.00000
0.41450,	0.13719,	0.14810, 	0.30426, 	0.00000
0.41500,	0.13650,	0.14732, 	0.30412, 	0.00000
0.41550,	0.13752,	0.14768, 	0.30837, 	0.00000
0.41600,	0.13322,	0.14460, 	0.29519, 	0.00000
0.41650,	0.13130,	0.14284, 	0.29127, 	0.00000
0.41700,	0.13106,	0.14230, 	0.29200, 	0.00000
0.41750,	0.13270,	0.14288, 	0.29996, 	0.00000
0.41800,	0.13084,	0.14120, 	0.29471, 	0.00000
0.41850,	0.12956,	0.14030, 	0.29175, 	0.00000
0.41900,	0.13096,	0.14081, 	0.29941, 	0.00000
0.41950,	0.12919,	0.13923, 	0.29436, 	0.00000
0.42000,	0.12718,	0.13796, 	0.28739, 	0.00000
0.42050,	0.12785,	0.13791, 	0.29149, 	0.00000
0.42100,	0.12527,	0.13586, 	0.28450, 	0.00000
0.42150,	0.12608,	0.13598, 	0.29085, 	0.00000
0.42200,	0.12461,	0.13461, 	0.28774, 	0.00000
0.42250,	0.12281,	0.13329, 	0.28153, 	0.00000
0.42300,	0.12303,	0.13297, 	0.28412, 	0.00000
0.42350,	0.12414,	0.13360, 	0.28813, 	0.00000
0.42400,	0.11988,	0.13037, 	0.27632, 	0.00000
0.42450,	0.11992,	0.12985, 	0.27856, 	0.00000
0.42500,	0.11893,	0.12883, 	0.27799, 	0.00000
0.42550,	0.11921,	0.12899, 	0.27630, 	0.00000
0.42600,	0.11810,	0.12766, 	0.27652, 	0.00000
0.42650,	0.11654,	0.12660, 	0.27145, 	0.00000
0.42700,	0.11677,	0.12612, 	0.27548, 	0.00000
0.42750,	0.11621,	0.12578, 	0.27326, 	0.00000
0.42800,	0.11404,	0.12360, 	0.26866, 	0.00000
0.42850,	0.11536,	0.12426, 	0.27571, 	0.00000
0.42900,	0.11217,	0.12207, 	0.26370, 	0.00000
0.42950,	0.11387,	0.12279, 	0.27425, 	0.00000
0.43000,	0.10992,	0.11995, 	0.25709, 	0.00000
0.43050,	0.11174,	0.12057, 	0.26851, 	0.00000
0.43100,	0.11206,	0.12073, 	0.27056, 	0.00000
0.43150,	0.11025,	0.11893, 	0.26608, 	0.00000
0.43200,	0.10798,	0.11730, 	0.26077, 	0.00000
0.43250,	0.10828,	0.11727, 	0.25979, 	0.00000
0.43300,	0.10671,	0.11584, 	0.25680, 	0.00000
0.43350,	0.10706,	0.11573, 	0.26065, 	0.00000
0.43400,	0.10416,	0.11328, 	0.25384, 	0.00000
0.43450,	0.10393,	0.11298, 	0.25259, 	0.00000
0.43500,	0.10249,	0.11147, 	0.24928, 	0.00000
0.43550,	0.10184,	0.11077, 	0.24627, 	0.00000
0.43600,	0.10261,	0.11132, 	0.25108, 	0.00000
0.43650,	0.09937,	0.10849, 	0.23961, 	0.00000
0.43700,	0.10282,	0.11080, 	0.25492, 	0.00000
0.43750,	0.10051,	0.10861, 	0.25093, 	0.00000
0.43800,	0.09995,	0.10806, 	0.24755, 	0.00000
0.43850,	0.09897,	0.10686, 	0.24966, 	0.00000
0.43900,	0.09683,	0.10550, 	0.24041, 	0.00000
0.43950,	0.09649,	0.10476, 	0.23924, 	0.00000
0.44000,	0.09603,	0.10405, 	0.24051, 	0.00000
0.44050,	0.09630,	0.10368, 	0.24607, 	0.00000
0.44100,	0.09470,	0.10255, 	0.24089, 	0.00000
0.44150,	0.09426,	0.10189, 	0.23713, 	0.00000
0.44200,	0.09331,	0.10091, 	0.23593, 	0.00000
0.44250,	0.09243,	0.09996, 	0.23898, 	0.00000
0.44300,	0.09061,	0.09852, 	0.22589, 	0.00000
0.44350,	0.09019,	0.09783, 	0.22834, 	0.00000
0.44400,	0.09013,	0.09740, 	0.22939, 	0.00000
0.44450,	0.08930,	0.09674, 	0.22874, 	0.00000
0.44500,	0.08968,	0.09690, 	0.23328, 	0.00000
0.44550,	0.08767,	0.09501, 	0.22483, 	0.00000
0.44600,	0.08539,	0.09298, 	0.21880, 	0.00000
0.44650,	0.08705,	0.09393, 	0.23093, 	0.00000
0.44700,	0.08507,	0.09222, 	0.21930, 	0.00000
0.44750,	0.08439,	0.09121, 	0.22106, 	0.00000
0.44800,	0.08462,	0.09122, 	0.22733, 	0.00000
0.44850,	0.08422,	0.09105, 	0.22100, 	0.00000
0.44900,	0.08219,	0.08898, 	0.21679, 	0.00000
0.44950,	0.08064,	0.08766, 	0.20836, 	0.00000
0.45000,	0.07991,	0.08691, 	0.20915, 	0.00000
0.45050,	0.08043,	0.08679, 	0.21798, 	0.00000
0.45100,	0.07939,	0.08571, 	0.21096, 	0.00000
0.45150,	0.07840,	0.08502, 	0.20569, 	0.00000
0.45200,	0.07767,	0.08418, 	0.21110, 	0.00000
0.45250,	0.07680,	0.08330, 	0.20483, 	0.00000
0.45300,	0.07658,	0.08282, 	0.21030, 	0.00000
0.45350,	0.07533,	0.08149, 	0.20202, 	0.00000
0.45400,	0.07646,	0.08220, 	0.20665, 	0.00000
0.45450,	0.07393,	0.07999, 	0.20004, 	0.00000
0.45500,	0.07465,	0.08006, 	0.21222, 	0.00000
0.45550,	0.07406,	0.07978, 	0.20974, 	0.00000
0.45600,	0.07042,	0.07674, 	0.18930, 	0.00000
0.45650,	0.07128,	0.07707, 	0.19277, 	0.00000
0.45700,	0.07165,	0.07676, 	0.20186, 	0.00000
0.45750,	0.07095,	0.07639, 	0.20059, 	0.00000
0.45800,	0.06923,	0.07475, 	0.19129, 	0.00000
0.45850,	0.06862,	0.07385, 	0.19443, 	0.00000
0.45900,	0.06721,	0.07274, 	0.18842, 	0.00000
0.45950,	0.06695,	0.07216, 	0.18942, 	0.00000
0.46000,	0.06660,	0.07162, 	0.18899, 	0.00000
0.46050,	0.06545,	0.07047, 	0.18162, 	0.00000
0.46100,	0.06437,	0.06961, 	0.18439, 	0.00000
0.46150,	0.06421,	0.06923, 	0.18301, 	0.00000
0.46200,	0.06310,	0.06818, 	0.17962, 	0.00000
0.46250,	0.06237,	0.06741, 	0.17959, 	0.00000
0.46300,	0.06185,	0.06642, 	0.18151, 	0.00000
0.46350,	0.06128,	0.06617, 	0.17260, 	0.00000
0.46400,	0.06071,	0.06544, 	0.17766, 	0.00000
0.46450,	0.06094,	0.06513, 	0.17669, 	0.00000
0.46500,	0.05787,	0.06279, 	0.16587, 	0.00000
0.46550,	0.05761,	0.06208, 	0.16946, 	0.00000
0.46600,	0.05862,	0.06290, 	0.17429, 	0.00000
0.46650,	0.05774,	0.06184, 	0.17442, 	0.00000
0.46700,	0.05758,	0.06170, 	0.17036, 	0.00000
0.46750,	0.05606,	0.06011, 	0.16625, 	0.00000
0.46800,	0.05602,	0.06007, 	0.17062, 	0.00000
0.46850,	0.05409,	0.05796, 	0.15870, 	0.00000
0.46900,	0.05397,	0.05774, 	0.16440, 	0.00000
0.46950,	0.05277,	0.05666, 	0.16068, 	0.00000
0.47000,	0.05235,	0.05619, 	0.16023, 	0.00000
0.47050,	0.05149,	0.05537, 	0.15091, 	0.00000
0.47100,	0.05009,	0.05392, 	0.14755, 	0.00000
0.47150,	0.05060,	0.05421, 	0.15196, 	0.00000
0.47200,	0.05095,	0.05423, 	0.16394, 	0.00000
0.47250,	0.05015,	0.05331, 	0.15431, 	0.00000
0.47300,	0.04865,	0.05201, 	0.14986, 	0.00000
0.47350,	0.04746,	0.05071, 	0.14249, 	0.00000
0.47400,	0.04741,	0.05046, 	0.15333, 	0.00000
0.47450,	0.04709,	0.05017, 	0.15309, 	0.00000
0.47500,	0.04601,	0.04881, 	0.15264, 	0.00000
0.47550,	0.04422,	0.04739, 	0.13642, 	0.00000
0.47600,	0.04496,	0.04791, 	0.14437, 	0.00000
0.47650,	0.04445,	0.04717, 	0.13846, 	0.00000
0.47700,	0.04319,	0.04590, 	0.13943, 	0.00000
0.47750,	0.04357,	0.04613, 	0.13939, 	0.00000
0.47800,	0.04191,	0.04435, 	0.13461, 	0.00000
0.47850,	0.04196,	0.04466, 	0.13985, 	0.00000
0.47900,	0.04101,	0.04349, 	0.13314, 	0.00000
0.47950,	0.04042,	0.04274, 	0.13575, 	0.00000
0.48000,	0.03857,	0.04104, 	0.12727, 	0.00000
0.48050,	0.03901,	0.04141, 	0.12793, 	0.00000
0.48100,	0.03870,	0.04117, 	0.13348, 	0.00000
0.48150,	0.03607,	0.03851, 	0.12060, 	0.00000
0.48200,	0.03622,	0.03866, 	0.12582, 	0.00000
0.48250,	0.03592,	0.03825, 	0.12182, 	0.00000
0.48300,	0.03586,	0.03792, 	0.12198, 	0.00000
0.48350,	0.03581,	0.03790, 	0.12690, 	0.00000
0.48400,	0.03508,	0.03723, 	0.12786, 	0.00000
0.48450,	0.03464,	0.03692, 	0.12046, 	0.00000
0.48500,	0.03275,	0.03477, 	0.11082, 	0.00000
0.48550,	0.03323,	0.03527, 	0.12031, 	0.00000
0.48600,	0.03330,	0.03549, 	0.12592, 	0.00000
0.48650,	0.03197,	0.03426, 	0.10870, 	0.00000
0.48700,	0.03099,	0.03304, 	0.10731, 	0.00000
0.48750,	0.03074,	0.03286, 	0.10847, 	0.00000
0.48800,	0.03034,	0.03251, 	0.10659, 	0.00000
0.48850,	0.03021,	0.03229, 	0.12051, 	0.00000
0.48900,	0.02842,	0.03048, 	0.10947, 	0.00000
0.48950,	0.02790,	0.03005, 	0.10463, 	0.00000
0.49000,	0.02895,	0.03117, 	0.10446, 	0.00000
0.49050,	0.02796,	0.03028, 	0.10726, 	0.00000
0.49100,	0.02734,	0.02987, 	0.10852, 	0.00000
0.49150,	0.02721,	0.02976, 	0.10575, 	0.00000
0.49200,	0.02606,	0.02851, 	0.10480, 	0.00000
0.49250,	0.02547,	0.02800, 	0.10204, 	0.00000
0.49300,	0.02534,	0.02802, 	0.09992, 	0.00000
0.49350,	0.02439,	0.02709, 	0.09563, 	0.00000
0.49400,	0.02354,	0.02624, 	0.09947, 	0.00000
0.49450,	0.02373,	0.02669, 	0.09668, 	0.00000
0.49500,	0.02281,	0.02570, 	0.09452, 	0.00000
0.49550,	0.02277,	0.02590, 	0.10507, 	0.00000
0.49600,	0.02197,	0.02499, 	0.08454, 	0.00000
0.49650,	0.02245,	0.02584, 	0.09162, 	0.00000
0.49700,	0.02139,	0.02473, 	0.09015, 	0.00000
0.49750,	0.02192,	0.02563, 	0.09030, 	0.00000
0.49800,	0.01987,	0.02314, 	0.08904, 	0.00000
0.49850,	0.02167,	0.02564, 	0.09179, 	0.00000
0.49900,	0.02055,	0.02425, 	0.08669, 	0.00000
0.49950,	0.02114,	0.02499, 	0.09601, 	0.00000
0.50000,	0.02007,	0.02376, 	0.07991, 	0.00000
0.50050,	0.02044,	0.02438, 	0.08309, 	0.00000
0.50100,	0.02096,	0.02468, 	0.08616, 	0.00000
0.50150,	0.02073,	0.02444, 	0.07654, 	0.00000
0.50200,	0.02125,	0.02494, 	0.07921, 	0.00000
0.50250,	0.02194,	0.02562, 	0.07866, 	0.00000
0.50300,	0.02113,	0.02432, 	0.07475, 	0.00000
0.50350,	0.02203,	0.02527, 	0.07348, 	0.00000
0.50400,	0.02164,	0.02463, 	0.07572, 	0.00000
0.50450,	0.02242,	0.02569, 	0.06945, 	0.00000
0.50500,	0.02341,	0.02640, 	0.07268, 	0.00000
0.50550,	0.02296,	0.02575, 	0.07242, 	0.00000
0.50600,	0.02438,	0.02715, 	0.07265, 	0.00000
0.50650,	0.02529,	0.02827, 	0.07810, 	0.00000
0.50700,	0.02450,	0.02709, 	0.06751, 	0.00000
0.50750,	0.02469,	0.02717, 	0.06947, 	0.00000
0.50800,	0.02483,	0.02729, 	0.06650, 	0.00000
0.50850,	0.02593,	0.02824, 	0.05960, 	0.00000
0.50900,	0.02759,	0.03023, 	0.06496, 	0.00000
0.50950,	0.02684,	0.02912, 	0.06242, 	0.00000
0.51000,	0.02782,	0.02996, 	0.06551, 	0.00000
0.51050,	0.02766,	0.02980, 	0.07023, 	0.00000
0.51100,	0.02890,	0.03116, 	0.05925, 	0.00000
0.51150,	0.02931,	0.03154, 	0.05577, 	0.00000
0.51200,	0.03014,	0.03231, 	0.06111, 	0.00000
0.51250,	0.03103,	0.03320, 	0.05215, 	0.00000
0.51300,	0.03072,	0.03289, 	0.05566, 	0.00000
0.51350,	0.03157,	0.03373, 	0.06468, 	0.00000
0.51400,	0.03270,	0.03493, 	0.05201, 	0.00000
0.51450,	0.03227,	0.03437, 	0.05546, 	0.00000
0.51500,	0.03323,	0.03533, 	0.05224, 	0.00000
0.51550,	0.03251,	0.03464, 	0.05465, 	0.00000
0.51600,	0.03511,	0.03743, 	0.05077, 	0.00000
0.51650,	0.03434,	0.03657, 	0.05485, 	0.00000
0.51700,	0.03669,	0.03896, 	0.04872, 	0.00000
0.51750,	0.03667,	0.03902, 	0.05233, 	0.00000
0.51800,	0.03720,	0.03962, 	0.04880, 	0.00000
0.51850,	0.03717,	0.03973, 	0.04808, 	0.00000
0.51900,	0.03797,	0.04044, 	0.05593, 	0.00000
0.51950,	0.03845,	0.04080, 	0.05181, 	0.00000
0.52000,	0.03985,	0.04264, 	0.04501, 	0.00000
0.52050,	0.03990,	0.04238, 	0.04274, 	0.00000
0.52100,	0.03972,	0.04223, 	0.05058, 	0.00000
0.52150,	0.04222,	0.04485, 	0.04151, 	0.00000
0.52200,	0.04187,	0.04465, 	0.03750, 	0.00000
0.52250,	0.04199,	0.04479, 	0.04438, 	0.00000
0.52300,	0.04252,	0.04514, 	0.03764, 	0.00000
0.52350,	0.04433,	0.04735, 	0.03905, 	0.00000
0.52400,	0.04303,	0.04616, 	0.04260, 	0.00000
0.52450,	0.04445,	0.04770, 	0.04273, 	0.00000
0.52500,	0.04455,	0.04772, 	0.03877, 	0.00000
0.52550,	0.04569,	0.04867, 	0.03838, 	0.00000
0.52600,	0.04731,	0.05020, 	0.04097, 	0.00000
0.52650,	0.04655,	0.04970, 	0.03788, 	0.00000
0.52700,	0.04812,	0.05145, 	0.03580, 	0.00000
0.52750,	0.04721,	0.05069, 	0.03749, 	0.00000
0.52800,	0.04835,	0.05167, 	0.03799, 	0.00000
0.52850,	0.05051,	0.05387, 	0.03608, 	0.00000
0.52900,	0.05081,	0.05446, 	0.03425, 	0.00000
0.52950,	0.05077,	0.05469, 	0.03843, 	0.00000
0.53000,	0.05069,	0.05460, 	0.03105, 	0.00000
0.53050,	0.05083,	0.05481, 	0.03275, 	0.00000
0.53100,	0.05242,	0.05629, 	0.02805, 	0.00000
0.53150,	0.05259,	0.05686, 	0.03701, 	0.00000
0.53200,	0.05318,	0.05737, 	0.03253, 	0.00000
0.53250,	0.05390,	0.05806, 	0.03500, 	0.00000
0.53300,	0.05395,	0.05828, 	0.03348, 	0.00000
0.53350,	0.05520,	0.05948, 	0.02663, 	0.00000
0.53400,	0.05535,	0.05989, 	0.02922, 	0.00000
0.53450,	0.05655,	0.06092, 	0.02920, 	0.00000
0.53500,	0.05798,	0.06249, 	0.02900, 	0.00000
0.53550,	0.05701,	0.06186, 	0.02890, 	0.00000
0.53600,	0.05916,	0.06374, 	0.02884, 	0.00000
0.53650,	0.05970,	0.06399, 	0.02449, 	0.00000
0.53700,	0.06056,	0.06506, 	0.02363, 	0.00000
0.53750,	0.06277,	0.06707, 	0.01961, 	0.00000
0.53800,	0.06100,	0.06595, 	0.02938, 	0.00000
0.53850,	0.06339,	0.06805, 	0.02367, 	0.00000
0.53900,	0.06284,	0.06801, 	0.02870, 	0.00000
0.53950,	0.06343,	0.06832, 	0.02504, 	0.00000
0.54000,	0.06469,	0.07014, 	0.02149, 	0.00000
0.54050,	0.06538,	0.07008, 	0.02249, 	0.00000
0.54100,	0.06516,	0.07065, 	0.02057, 	0.00000
0.54150,	0.06598,	0.07136, 	0.02553, 	0.00000
0.54200,	0.06617,	0.07166, 	0.02225, 	0.00000
0.54250,	0.06772,	0.07289, 	0.02181, 	0.00000
0.54300,	0.06674,	0.07264, 	0.01921, 	0.00000
0.54350,	0.06827,	0.07401, 	0.02020, 	0.00000
0.54400,	0.06933,	0.07485, 	0.01841, 	0.00000
0.54450,	0.06925,	0.07535, 	0.02517, 	0.00000
0.54500,	0.07072,	0.07663, 	0.01965, 	0.00000
0.54550,	0.07075,	0.07648, 	0.02059, 	0.00000
0.54600,	0.07147,	0.07750, 	0.01674, 	0.00000
0.54650,	0.07321,	0.07884, 	0.01602, 	0.00000
0.54700,	0.07327,	0.07903, 	0.01634, 	0.00000
0.54750,	0.07295,	0.07901, 	0.01884, 	0.00000
0.54800,	0.07412,	0.08041, 	0.01634, 	0.00000
0.54850,	0.07689,	0.08268, 	0.01675, 	0.00000
0.54900,	0.07606,	0.08216, 	0.01674, 	0.00000
0.54950,	0.07705,	0.08335, 	0.01609, 	0.00000
0.55000,	0.07851,	0.08441, 	0.01696, 	0.00000
0.55050,	0.07741,	0.08370, 	0.01262, 	0.00000
0.55100,	0.07898,	0.08524, 	0.01817, 	0.00000
0.55150,	0.07760,	0.08480, 	0.01421, 	0.00000
0.55200,	0.07938,	0.08613, 	0.01285, 	0.00000
0.55250,	0.08127,	0.08773, 	0.01276, 	0.00000
0.55300,	0.08234,	0.08868, 	0.01491, 	0.00000
0.55350,	0.08203,	0.08848, 	0.01238, 	0.00000
0.55400,	0.08378,	0.09059, 	0.01344, 	0.00000
0.55450,	0.08169,	0.08898, 	0.01179, 	0.00000
0.55500,	0.08370,	0.09084, 	0.01322, 	0.00000
0.55550,	0.08485,	0.09153, 	0.01165, 	0.00000
0.55600,	0.08487,	0.09198, 	0.01434, 	0.00000
0.55650,	0.08614,	0.09299, 	0.01063, 	0.00000
0.55700,	0.08786,	0.09469, 	0.01211, 	0.00000
0.55750,	0.08792,	0.09510, 	0.01311, 	0.00000
0.55800,	0.08811,	0.09530, 	0.01151, 	0.00000
0.55850,	0.08911,	0.09630, 	0.01229, 	0.00000
0.55900,	0.09028,	0.09704, 	0.01005, 	0.00000
0.55950,	0.09059,	0.09771, 	0.01125, 	0.00000
0.56000,	0.09128,	0.09844, 	0.01099, 	0.00000
0.56050,	0.09227,	0.09946, 	0.00880, 	0.00000
0.56100,	0.09220,	0.09965, 	0.00810, 	0.00000
0.56150,	0.09216,	0.10000, 	0.01197, 	0.00000
0.56200,	0.09478,	0.10193, 	0.00755, 	0.00000
0.56250,	0.09376,	0.10113, 	0.00941, 	0.00000
0.56300,	0.09553,	0.10298, 	0.00878, 	0.00000
0.56350,	0.09495,	0.10275, 	0.01033, 	0.00000
0.56400,	0.09697,	0.10433, 	0.00973, 	0.00000
0.56450,	0.09578,	0.10425, 	0.00992, 	0.00000
0.56500,	0.09871,	0.10610, 	0.00939, 	0.00000
0.56550,	0.09750,	0.10568, 	0.00752, 	0.00000
0.56600,	0.09931,	0.10712, 	0.00835, 	0.00000
0.56650,	0.10088,	0.10849, 	0.00626, 	0.00000
0.56700,	0.10060,	0.10865, 	0.00826, 	0.00000
0.56750,	0.10204,	0.10962, 	0.00687, 	0.00000
0.56800,	0.10358,	0.11134, 	0.00701, 	0.00000
0.56850,	0.10376,	0.11105, 	0.00645, 	0.00000
0.56900,	0.10268,	0.11127, 	0.00873, 	0.00000
0.56950,	0.10363,	0.11167, 	0.00498, 	0.00000
0.57000,	0.10631,	0.11409, 	0.00613, 	0.00000
0.57050,	0.10486,	0.11348, 	0.00545, 	0.00000
0.57100,	0.10737,	0.11494, 	0.00882, 	0.00000
0.57150,	0.10676,	0.11514, 	0.00914, 	0.00000
0.57200,	0.10800,	0.11624, 	0.00570, 	0.00000
0.57250,	0.10673,	0.11554, 	0.00596, 	0.00000
0.57300,	0.11010,	0.11803, 	0.00488, 	0.00000
0.57350,	0.10898,	0.11738, 	0.00530, 	0.00000
0.57400,	0.11084,	0.11898, 	0.00442, 	0.00000
0.57450,	0.11232,	0.12033, 	0.00406, 	0.00000
0.57500,	0.11151,	0.12019, 	0.00498, 	0.00000
0.57550,	0.11183,	0.12076, 	0.00486, 	0.00000
0.57600,	0.11202,	0.12057, 	0.00604, 	0.00000
0.57650,	0.11268,	0.12138, 	0.00568, 	0.00000
0.57700,	0.11436,	0.12288, 	0.00507, 	0.00000
0.57750,	0.11553,	0.12403, 	0.00441, 	0.00000
0.57800,	0.11631,	0.12477, 	0.00393, 	0.00000
0.57850,	0.11654,	0.12472, 	0.00280, 	0.00000
0.57900,	0.11774,	0.12641, 	0.00569, 	0.00000
0.57950,	0.11714,	0.12586, 	0.00239, 	0.00000
0.58000,	0.11885,	0.12751, 	0.00388, 	0.00000
0.58050,	0.11955,	0.12805, 	0.00363, 	0.00000
0.58100,	0.12045,	0.12911, 	0.00420, 	0.00000
0.58150,	0.12138,	0.13012, 	0.00242, 	0.00000
0.58200,	0.12223,	0.13081, 	0.00399, 	0.00000
0.58250,	0.12155,	0.13004, 	0.00377, 	0.00000
0.58300,	0.12326,	0.13236, 	0.00423, 	0.00000
0.58350,	0.12405,	0.13330, 	0.00266, 	0.00000
0.58400,	0.12470,	0.13341, 	0.00294, 	0.00000
0.58450,	0.12385,	0.13311, 	0.00252, 	0.00000
0.58500,	0.12618,	0.13471, 	0.00273, 	0.00000
0.58550,	0.12660,	0.13581, 	0.00410, 	0.00000
0.58600,	0.12830,	0.13714, 	0.00322, 	0.00000
0.58650,	0.12905,	0.13773, 	0.00273, 	0.00000
0.58700,	0.12894,	0.13739, 	0.00207, 	0.00000
0.58750,	0.12998,	0.13829, 	0.00248, 	0.00000
0.58800,	0.13106,	0.13989, 	0.00280, 	0.00000
0.58850,	0.13011,	0.13955, 	0.00311, 	0.00000
0.58900,	0.13268,	0.14122, 	0.00092, 	0.00000
0.58950,	0.13296,	0.14161, 	0.00204, 	0.00000
0.59000,	0.13410,	0.14249, 	0.00190, 	0.00000
0.59050,	0.13615,	0.14415, 	0.00191, 	0.00000
0.59100,	0.13430,	0.14346, 	0.00213, 	0.00000
0.59150,	0.13438,	0.14391, 	0.00324, 	0.00000
0.59200,	0.13766,	0.14600, 	0.00080, 	0.00000
0.59250,	0.13590,	0.14548, 	0.00206, 	0.00000
0.59300,	0.13588,	0.14601, 	0.00319, 	0.00000
0.59350,	0.13936,	0.14828, 	0.00195, 	0.00000
0.59400,	0.13847,	0.14820, 	0.00282, 	0.00000
0.59450,	0.13943,	0.14874, 	0.00154, 	0.00000
0.59500,	0.13910,	0.14906, 	0.00293, 	0.00000
0.59550,	0.14115,	0.15077, 	0.00199, 	0.00000
0.59600,	0.14193,	0.15102, 	0.00286, 	0.00000
0.59650,	0.14014,	0.15036, 	0.00197, 	0.00000
0.59700,	0.14316,	0.15217, 	0.00104, 	0.00000
0.59750,	0.14296,	0.15186, 	0.00093, 	0.00000
0.59800,	0.14463,	0.15346, 	0.00109, 	0.00000
0.59850,	0.14504,	0.15407, 	0.00139, 	0.00000
0.59900,	0.14345,	0.15361, 	0.00390, 	0.00000
0.59950,	0.14746,	0.15667, 	0.00124, 	0.00000
0.60000,	0.14971,	0.15828, 	0.00136, 	0.00000
0.60050,	0.14608,	0.15582, 	0.00110, 	0.00000
0.60100,	0.14758,	0.15737, 	0.00092, 	0.00000
0.60150,	0.14843,	0.15839, 	0.00242, 	0.00000
0.60200,	0.15101,	0.16019, 	0.00096, 	0.00000
0.60250,	0.14925,	0.15984, 	0.00118, 	0.00000
0.60300,	0.15098,	0.16066, 	0.00130, 	0.00000
0.60350,	0.15047,	0.16045, 	0.00054, 	0.00000
0.60400,	0.15061,	0.16066, 	0.00196, 	0.00000
0.60450,	0.15192,	0.16185, 	0.00127, 	0.00000
0.60500,	0.15442,	0.16432, 	0.00119, 	0.00000
0.60550,	0.15418,	0.16397, 	0.00114, 	0.00000
0.60600,	0.15418,	0.16435, 	0.00149, 	0.00000
0.60650,	0.15585,	0.16587, 	0.00081, 	0.00000
0.60700,	0.15525,	0.16545, 	0.00153, 	0.00000
0.60750,	0.15707,	0.16701, 	0.00091, 	0.00000
0.60800,	0.15696,	0.16731, 	0.00101, 	0.00000
0.60850,	0.15701,	0.16749, 	0.00092, 	0.00000
0.60900,	0.15749,	0.16791, 	0.00046, 	0.00000
0.60950,	0.16081,	0.17060, 	0.00062, 	0.00000
0.61000,	0.16198,	0.17181, 	0.00124, 	0.00000
0.61050,	0.15992,	0.17032, 	0.00099, 	0.00000
0.61100,	0.16056,	0.17105, 	0.00129, 	0.00000
0.61150,	0.16202,	0.17211, 	0.00148, 	0.00000
0.61200,	0.16245,	0.17266, 	0.00057, 	0.00000
0.61250,	0.16519,	0.17517, 	0.00085, 	0.00000
0.61300,	0.16412,	0.17470, 	0.00048, 	0.00000
0.61350,	0.16604,	0.17578, 	0.00048, 	0.00000
0.61400,	0.16671,	0.17683, 	0.00083, 	0.00000
0.61450,	0.16545,	0.17589, 	0.00066, 	0.00000
0.61500,	0.16689,	0.17721, 	0.00073, 	0.00000
0.61550,	0.16847,	0.17879, 	0.00016, 	0.00000
0.61600,	0.16978,	0.17962, 	0.00020, 	0.00000
0.61650,	0.16920,	0.17915, 	0.00053, 	0.00000
0.61700,	0.17156,	0.18182, 	0.00124, 	0.00000
0.61750,	0.17145,	0.18150, 	0.00000, 	0.00000
0.61800,	0.17048,	0.18156, 	0.00098, 	0.00000
0.61850,	0.17297,	0.18304, 	0.00073, 	0.00000
0.61900,	0.17076,	0.18153, 	0.00088, 	0.00000
0.61950,	0.17360,	0.18351, 	0.00000, 	0.00000
0.62000,	0.17295,	0.18360, 	0.00065, 	0.00000
0.62050,	0.17548,	0.18539, 	0.00070, 	0.00000
0.62100,	0.17539,	0.18560, 	0.00000, 	0.00000
0.62150,	0.17429,	0.18521, 	0.00048, 	0.00000
0.62200,	0.17655,	0.18712, 	0.00088, 	0.00000
0.62250,	0.17633,	0.18720, 	0.00090, 	0.00000
0.62300,	0.17839,	0.18870, 	0.00021, 	0.00000
0.62350,	0.17822,	0.18843, 	0.00052, 	0.00000
0.62400,	0.17998,	0.19025, 	0.00024, 	0.00000
0.62450,	0.18083,	0.19150, 	0.00011, 	0.00000
0.62500,	0.18078,	0.19169, 	0.00017, 	0.00000
0.62550,	0.18296,	0.19334, 	0.00011, 	0.00000
0.62600,	0.18286,	0.19246, 	0.00000, 	0.00000
0.62650,	0.18275,	0.19334, 	0.00107, 	0.00000
0.62700,	0.18228,	0.19339, 	0.00059, 	0.00000
0.62750,	0.18202,	0.19341, 	0.00025, 	0.00000
0.62800,	0.18574,	0.19629, 	0.00000, 	0.00000
0.62850,	0.18544,	0.19614, 	0.00039, 	0.00000
0.62900,	0.18626,	0.19687, 	0.00017, 	0.00000
0.62950,	0.18778,	0.19852, 	0.00000, 	0.00000
0.63000,	0.18685,	0.19841, 	0.00020, 	0.00000
0.63050,	0.18781,	0.19896, 	0.00015, 	0.00000
0.63100,	0.18951,	0.20033, 	0.00052, 	0.00000
0.63150,	0.18923,	0.20020, 	0.00000, 	0.00000
0.63200,	0.19026,	0.20112, 	0.00000, 	0.00000
0.63250,	0.19165,	0.20246, 	0.00069, 	0.00000
0.63300,	0.19161,	0.20249, 	0.00000, 	0.00000
0.63350,	0.19265,	0.20270, 	0.00026, 	0.00000
0.63400,	0.19351,	0.20459, 	0.00009, 	0.00000
0.63450,	0.19464,	0.20488, 	0.00017, 	0.00000
0.63500,	0.19589,	0.20649, 	0.00000, 	0.00000
0.63550,	0.19523,	0.20628, 	0.00010, 	0.00000
0.63600,	0.19650,	0.20741, 	0.00028, 	0.00000
0.63650,	0.19808,	0.20901, 	0.00038, 	0.00000
0.63700,	0.19672,	0.20774, 	0.00000, 	0.00000
0.63750,	0.19941,	0.20983, 	0.00019, 	0.00000
0.63800,	0.19846,	0.20916, 	0.00033, 	0.00000
0.63850,	0.19951,	0.21078, 	0.00046, 	0.00000
0.63900,	0.20001,	0.21152, 	0.00030, 	0.00000
0.63950,	0.19976,	0.21117, 	0.00048, 	0.00000
0.64000,	0.20137,	0.21244, 	0.00025, 	0.00000
0.64050,	0.20194,	0.21272, 	0.00000, 	0.00000
0.64100,	0.20087,	0.21230, 	0.00000, 	0.00000
0.64150,	0.20263,	0.21416, 	0.00000, 	0.00000
0.64200,	0.20338,	0.21454, 	0.00000, 	0.00000
0.64250,	0.20417,	0.21604, 	0.00012, 	0.00000
0.64300,	0.20614,	0.21748, 	0.00019, 	0.00000
0.64350,	0.20737,	0.21802, 	0.00011, 	0.00000
0.64400,	0.20862,	0.21928, 	0.00000, 	0.00000
0.64450,	0.20755,	0.21900, 	0.00070, 	0.00000
0.64500,	0.20681,	0.21804, 	0.00024, 	0.00000
0.64550,	0.20977,	0.22091, 	0.00000, 	0.00000
0.64600,	0.21009,	0.22094, 	0.00000, 	0.00000
0.64650,	0.20911,	0.22038, 	0.00009, 	0.00000
0.64700,	0.21049,	0.22172, 	0.00003, 	0.00000
0.64750,	0.21162,	0.22309, 	0.00014, 	0.00000
0.64800,	0.21097,	0.22328, 	0.00000, 	0.00000
0.64850,	0.21283,	0.22372, 	0.00000, 	0.00000
0.64900,	0.21375,	0.22501, 	0.00000, 	0.00000
0.64950,	0.21347,	0.22481, 	0.00003, 	0.00000
0.65000,	0.21583,	0.22690, 	0.00000, 	0.00000
0.65050,	0.21650,	0.22704, 	0.00032, 	0.00000
0.65100,	0.21751,	0.22857, 	0.00007, 	0.00000
0.65150,	0.21551,	0.22728, 	0.00037, 	0.00000
0.65200,	0.21750,	0.22890, 	0.00000, 	0.00000
0.65250,	0.21623,	0.22813, 	0.00000, 	0.00000
0.65300,	0.21970,	0.23133, 	0.00000, 	0.00000
0.65350,	0.22066,	0.23173, 	0.00017, 	0.00000
0.65400,	0.22063,	0.23180, 	0.00022, 	0.00000
0.65450,	0.22094,	0.23269, 	0.00000, 	0.00000
0.65500,	0.22257,	0.23360, 	0.00000, 	0.00000
0.65550,	0.22175,	0.23368, 	0.00000, 	0.00000
0.65600,	0.22256,	0.23390, 	0.00000, 	0.00000
0.65650,	0.22450,	0.23556, 	0.00019, 	0.00000
0.65700,	0.22197,	0.23381, 	0.00000, 	0.00000
0.65750,	0.22514,	0.23650, 	0.00000, 	0.00000
0.65800,	0.22561,	0.23756, 	0.00000, 	0.00000
0.65850,	0.22661,	0.23766, 	0.00000, 	0.00000
0.65900,	0.22742,	0.23914, 	0.00000, 	0.00000
0.65950,	0.22649,	0.23827, 	0.00000, 	0.00000
0.66000,	0.22650,	0.23874, 	0.00000, 	0.00000
0.66050,	0.22906,	0.24104, 	0.00022, 	0.00000
0.66100,	0.22779,	0.23940, 	0.00000, 	0.00000
0.66150,	0.22815,	0.24080, 	0.00005, 	0.00000
0.66200,	0.22968,	0.24111, 	0.00000, 	0.00000
0.66250,	0.23117,	0.24308, 	0.00019, 	0.00000
0.66300,	0.23173,	0.24341, 	0.00000, 	0.00000
0.66350,	0.23326,	0.24456, 	0.00000, 	0.00000
0.66400,	0.23372,	0.24559, 	0.00000, 	0.00000
0.66450,	0.23361,	0.24512, 	0.00000, 	0.00000
0.66500,	0.23458,	0.24616, 	0.00000, 	0.00000
0.66550,	0.23569,	0.24799, 	0.00000, 	0.00000
0.66600,	0.23704,	0.24913, 	0.00000, 	0.00000
0.66650,	0.23512,	0.24751, 	0.00000, 	0.00000
0.66700,	0.23794,	0.25032, 	0.00000, 	0.00000
0.66750,	0.23772,	0.24946, 	0.00000, 	0.00000
0.66800,	0.23960,	0.25161, 	0.00000, 	0.00000
0.66850,	0.23836,	0.25030, 	0.00000, 	0.00000
0.66900,	0.24032,	0.25188, 	0.00000, 	0.00000
0.66950,	0.24142,	0.25347, 	0.00000, 	0.00000
0.67000,	0.24198,	0.25368, 	0.00000, 	0.00000
0.67050,	0.24244,	0.25394, 	0.00000, 	0.00000
0.67100,	0.24378,	0.25562, 	0.00000, 	0.00000
0.67150,	0.24333,	0.25517, 	0.00000, 	0.00000
0.67200,	0.24446,	0.25628, 	0.00000, 	0.00000
0.67250,	0.24382,	0.25577, 	0.00000, 	0.00000
0.67300,	0.24271,	0.25511, 	0.00000, 	0.00000
0.67350,	0.24680,	0.25822, 	0.00000, 	0.00000
0.67400,	0.24570,	0.25742, 	0.00000, 	0.00000
0.67450,	0.24679,	0.25852, 	0.00000, 	0.00000
0.67500,	0.24644,	0.25909, 	0.00000, 	0.00000
0.67550,	0.24847,	0.26043, 	0.00000, 	0.00000
0.67600,	0.24876,	0.26130, 	0.00000, 	0.00000
0.67650,	0.24993,	0.26169, 	0.00000, 	0.00000
0.67700,	0.25107,	0.26306, 	0.00000, 	0.00000
0.67750,	0.25076,	0.26343, 	0.00000, 	0.00000
0.67800,	0.25187,	0.26420, 	0.00000, 	0.00000
0.67850,	0.25193,	0.26405, 	0.00000, 	0.00000
0.67900,	0.25292,	0.26492, 	0.00000, 	0.00000
0.67950,	0.25541,	0.26772, 	0.00000, 	0.00000
0.68000,	0.25408,	0.26634, 	0.00000, 	0.00000
0.68050,	0.25705,	0.26877, 	0.00000, 	0.00000
0.68100,	0.25475,	0.26667, 	0.00000, 	0.00000
0.68150,	0.25757,	0.26999, 	0.00000, 	0.00000
0.68200,	0.25517,	0.26776, 	0.00000, 	0.00000
0.68250,	0.25767,	0.27012, 	0.00000, 	0.00000
0.68300,	0.25680,	0.26945, 	0.00019, 	0.00000
0.68350,	0.25887,	0.27129, 	0.00000, 	0.00000
0.68400,	0.25806,	0.27067, 	0.00000, 	0.00000
0.68450,	0.26052,	0.27322, 	0.00000, 	0.00000
0.68500,	0.26204,	0.27427, 	0.00007, 	0.00000
0.68550,	0.26096,	0.27355, 	0.00000, 	0.00000
0.68600,	0.26192,	0.27454, 	0.00000, 	0.00000
0.68650,	0.26305,	0.27552, 	0.00000, 	0.00000
0.68700,	0.26457,	0.27715, 	0.00000, 	0.00000
0.68750,	0.26334,	0.27604, 	0.00000, 	0.00000
0.68800,	0.26500,	0.27740, 	0.00000, 	0.00000
0.68850,	0.26522,	0.27743, 	0.00000, 	0.00000
0.68900,	0.26556,	0.27862, 	0.00000, 	0.00000
0.68950,	0.26580,	0.27829, 	0.00000, 	0.00000
0.69000,	0.26678,	0.27965, 	0.00000, 	0.00000
0.69050,	0.26725,	0.28013, 	0.00000, 	0.00000
0.69100,	0.26793,	0.28054, 	0.00000, 	0.00000
0.69150,	0.26939,	0.28162, 	0.00000, 	0.00000
0.69200,	0.26936,	0.28206, 	0.00000, 	0.00000
0.69250,	0.27155,	0.28409, 	0.00000, 	0.00000
0.69300,	0.27206,	0.28428, 	0.00000, 	0.00000
0.69350,	0.27236,	0.28493, 	0.00000, 	0.00000
0.69400,	0.27178,	0.28453, 	0.00000, 	0.00000
0.69450,	0.27335,	0.28581, 	0.00000, 	0.00000
0.69500,	0.27237,	0.28551, 	0.00000, 	0.00000
0.69550,	0.27340,	0.28607, 	0.00000, 	0.00000
0.69600,	0.27451,	0.28748, 	0.00000, 	0.00000
0.69650,	0.27647,	0.28958, 	0.00000, 	0.00000
0.69700,	0.27486,	0.28786, 	0.00000, 	0.00000
0.69750,	0.27649,	0.28913, 	0.00000, 	0.00000
0.69800,	0.27782,	0.29086, 	0.00000, 	0.00000
0.69850,	0.27768,	0.29056, 	0.00000, 	0.00000
0.69900,	0.27959,	0.29195, 	0.00000, 	0.00000
0.69950,	0.28012,	0.29323, 	0.00000, 	0.00000
0.70000,	0.27937,	0.29197, 	0.00000, 	0.00000
0.70050,	0.28139,	0.29367, 	0.00000, 	0.00000
0.70100,	0.28046,	0.29341, 	0.00000, 	0.00000
0.70150,	0.28168,	0.29403, 	0.00000, 	0.00000
0.70200,	0.28302,	0.29600, 	0.00000, 	0.00000
0.70250,	0.28417,	0.29664, 	0.00000, 	0.00000
0.70300,	0.28308,	0.29637, 	0.00000, 	0.00000
0.70350,	0.28528,	0.29787, 	0.00000, 	0.00000
0.70400,	0.28445,	0.29702, 	0.00000, 	0.00000
0.70450,	0.28523,	0.29790, 	0.00000, 	0.00000
0.70500,	0.28811,	0.30041, 	0.00000, 	0.00000
0.70550,	0.28763,	0.30000, 	0.00000, 	0.00000
0.70600,	0.28825,	0.30061, 	0.00000, 	0.00000
0.70650,	0.28892,	0.30209, 	0.00000, 	0.00000
0.70700,	0.28998,	0.30360, 	0.00000, 	0.00000
0.70750,	0.29000,	0.30289, 	0.00000, 	0.00000
0.70800,	0.29081,	0.30423, 	0.00000, 	0.00000
0.70850,	0.29191,	0.30470, 	0.00000, 	0.00000
0.70900,	0.29090,	0.30424, 	0.00000, 	0.00000
0.70950,	0.29252,	0.30510, 	0.00000, 	0.00000
0.71000,	0.29188,	0.30530, 	0.00000, 	0.00000
0.71050,	0.29305,	0.30610, 	0.00000, 	0.00000
0.71100,	0.29447,	0.30765, 	0.00000, 	0.00000
0.71150,	0.29556,	0.30849, 	0.00000, 	0.00000
0.71200,	0.29762,	0.31020, 	0.00000, 	0.00000
0.71250,	0.29667,	0.30981, 	0.00000, 	0.00000
0.71300,	0.29682,	0.30990, 	0.00000, 	0.00000
0.71350,	0.29785,	0.31080, 	0.00000, 	0.00000
0.71400,	0.29820,	0.31091, 	0.00000, 	0.00000
0.71450,	0.29922,	0.31281, 	0.00000, 	0.00000
0.71500,	0.30021,	0.31389, 	0.00000, 	0.00000
0.71550,	0.30021,	0.31352, 	0.00000, 	0.00000
0.71600,	0.30137,	0.31511, 	0.00000, 	0.00000
0.71650,	0.30124,	0.31438, 	0.00000, 	0.00000
0.71700,	0.30142,	0.31467, 	0.00000, 	0.00000
0.71750,	0.30179,	0.31513, 	0.00000, 	0.00000
0.71800,	0.30326,	0.31697, 	0.00000, 	0.00000
0.71850,	0.30528,	0.31831, 	0.00000, 	0.00000
0.71900,	0.30419,	0.31760, 	0.00000, 	0.00000
0.71950,	0.30572,	0.31913, 	0.00000, 	0.00000
0.72000,	0.30476,	0.31784, 	0.00000, 	0.00000
0.72050,	0.30596,	0.31918, 	0.00000, 	0.00000
0.72100,	0.30799,	0.32164, 	0.00000, 	0.00000
0.72150,	0.30944,	0.32278, 	0.00000, 	0.00000
0.72200,	0.30807,	0.32072, 	0.00000, 	0.00000
0.72250,	0.31054,	0.32337, 	0.00000, 	0.00000
0.72300,	0.31080,	0.32344, 	0.00000, 	0.00000
0.72350,	0.30702,	0.32024, 	0.00000, 	0.00000
0.72400,	0.31117,	0.32460, 	0.00000, 	0.00000
0.72450,	0.31216,	0.32560, 	0.00000, 	0.00000
0.72500,	0.31365,	0.32726, 	0.00000, 	0.00000
0.72550,	0.31406,	0.32768, 	0.00000, 	0.00000
0.72600,	0.31275,	0.32604, 	0.00000, 	0.00000
0.72650,	0.31416,	0.32804, 	0.00000, 	0.00000
0.72700,	0.31770,	0.33028, 	0.00000, 	0.00000
0.72750,	0.31596,	0.32974, 	0.00000, 	0.00000
0.72800,	0.31517,	0.32897, 	0.00000, 	0.00000
0.72850,	0.31763,	0.33116, 	0.00000, 	0.00000
0.72900,	0.31798,	0.33137, 	0.00000, 	0.00000
0.72950,	0.31700,	0.33052, 	0.00000, 	0.00000
0.73000,	0.31622,	0.33023, 	0.00013, 	0.00000
0.73050,	0.32137,	0.33517, 	0.00000, 	0.00000
0.73100,	0.32015,	0.33395, 	0.00000, 	0.00000
0.73150,	0.32053,	0.33446, 	0.00000, 	0.00000
0.73200,	0.32038,	0.33367, 	0.00000, 	0.00000
0.73250,	0.32218,	0.33595, 	0.00000, 	0.00000
0.73300,	0.32372,	0.33661, 	0.00000, 	0.00000
0.73350,	0.32287,	0.33620, 	0.00000, 	0.00000
0.73400,	0.32333,	0.33766, 	0.00000, 	0.00000
0.73450,	0.32464,	0.33798, 	0.00000, 	0.00000
0.73500,	0.32483,	0.33811, 	0.00000, 	0.00000
0.73550,	0.32557,	0.33912, 	0.00000, 	0.00000
0.73600,	0.32470,	0.33870, 	0.00000, 	0.00000
0.73650,	0.32619,	0.34016, 	0.00000, 	0.00000
0.73700,	0.32873,	0.34138, 	0.00000, 	0.00000
0.73750,	0.32864,	0.34224, 	0.00000, 	0.00000
0.73800,	0.32809,	0.34217, 	0.00000, 	0.00000
0.73850,	0.32930,	0.34326, 	0.00000, 	0.00000
0.73900,	0.32853,	0.34202, 	0.00000, 	0.00000
0.73950,	0.33176,	0.34559, 	0.00000, 	0.00000
0.74000,	0.33065,	0.34420, 	0.00000, 	0.00000
0.74050,	0.33281,	0.34631, 	0.00000, 	0.00000
0.74100,	0.33183,	0.34558, 	0.00000, 	0.00000
0.74150,	0.33211,	0.34609, 	0.00000, 	0.00000
0.74200,	0.33324,	0.34667, 	0.00000, 	0.00000
0.74250,	0.33507,	0.34868, 	0.00000, 	0.00000
0.74300,	0.33381,	0.34789, 	0.00000, 	0.00000
0.74350,	0.33455,	0.34875, 	0.00000, 	0.00000
0.74400,	0.33702,	0.35075, 	0.00000, 	0.00000
0.74450,	0.33675,	0.35026, 	0.00000, 	0.00000
0.74500,	0.33678,	0.35048, 	0.00000, 	0.00000
0.74550,	0.33698,	0.35069, 	0.00000, 	0.00000
0.74600,	0.34012,	0.35399, 	0.00000, 	0.00000
0.74650,	0.33961,	0.35391, 	0.00000, 	0.00000
0.74700,	0.34045,	0.35412, 	0.00000, 	0.00000
0.74750,	0.33927,	0.35306, 	0.00000, 	0.00000
0.74800,	0.34108,	0.35531, 	0.00000, 	0.00000
0.74850,	0.34130,	0.35538, 	0.00000, 	0.00000
0.74900,	0.34264,	0.35661, 	0.00000, 	0.00000
0.74950,	0.34404,	0.35777, 	0.00000, 	0.00000
0.75000,	0.34266,	0.35645, 	0.00000, 	0.00000
0.75050,	0.34469,	0.35862, 	0.00000, 	0.00000
0.75100,	0.34613,	0.35954, 	0.00000, 	0.00000
0.75150,	0.34668,	0.36135, 	0.00000, 	0.00000
0.75200,	0.34551,	0.35993, 	0.00000, 	0.00000
0.75250,	0.34791,	0.36182, 	0.00000, 	0.00000
0.75300,	0.34830,	0.36229, 	0.00000, 	0.00000
0.75350,	0.34638,	0.36036, 	0.00000, 	0.00000
0.75400,	0.34915,	0.36355, 	0.00000, 	0.00000
0.75450,	0.34886,	0.36301, 	0.00000, 	0.00000
0.75500,	0.34985,	0.36351, 	0.00000, 	0.00000
0.75550,	0.34989,	0.36355, 	0.00000, 	0.00000
0.75600,	0.35038,	0.36467, 	0.00000, 	0.00000
0.75650,	0.35140,	0.36562, 	0.00000, 	0.00000
0.75700,	0.35235,	0.36608, 	0.00000, 	0.00000
0.75750,	0.35333,	0.36735, 	0.00000, 	0.00000
0.75800,	0.35321,	0.36708, 	0.00000, 	0.00000
0.75850,	0.35594,	0.37046, 	0.00000, 	0.00000
0.75900,	0.35434,	0.36803, 	0.00000, 	0.00000
0.75950,	0.35561,	0.37008, 	0.00000, 	0.00000
0.76000,	0.35676,	0.37043, 	0.00000, 	0.00000
0.76050,	0.35632,	0.37071, 	0.00000, 	0.00000
0.76100,	0.35736,	0.37125, 	0.00000, 	0.00000
0.76150,	0.35853,	0.37180, 	0.00000, 	0.00000
0.76200,	0.35920,	0.37331, 	0.00000, 	0.00000
0.76250,	0.36003,	0.37444, 	0.00000, 	0.00000
0.76300,	0.35936,	0.37444, 	0.00000, 	0.00000
0.76350,	0.36171,	0.37628, 	0.00000, 	0.00000
0.76400,	0.35997,	0.37468, 	0.00000, 	0.00000
0.76450,	0.36399,	0.37856, 	0.00000, 	0.00000
0.76500,	0.36244,	0.37676, 	0.00000, 	0.00000
0.76550,	0.36347,	0.37769, 	0.00000, 	0.00000
0.76600,	0.36521,	0.37945, 	0.00000, 	0.00000
0.76650,	0.36272,	0.37738, 	0.00000, 	0.00000
0.76700,	0.36380,	0.37829, 	0.00000, 	0.00000
0.76750,	0.36571,	0.38000, 	0.00000, 	0.00000
0.76800,	0.36763,	0.38174, 	0.00000, 	0.00000
0.76850,	0.36736,	0.38186, 	0.00000, 	0.00000
0.76900,	0.36843,	0.38245, 	0.00000, 	0.00000
0.76950,	0.36668,	0.38098, 	0.00000, 	0.00000
0.77000,	0.37162,	0.38600, 	0.00000, 	0.00000
0.77050,	0.36952,	0.38383, 	0.00000, 	0.00000
0.77100,	0.37017,	0.38417, 	0.00000, 	0.00000
0.77150,	0.37180,	0.38643, 	0.00000, 	0.00000
0.77200,	0.37039,	0.38453, 	0.00000, 	0.00000
0.77250,	0.37223,	0.38691, 	0.00000, 	0.00000
0.77300,	0.37358,	0.38804, 	0.00000, 	0.00000
0.77350,	0.37205,	0.38599, 	0.00000, 	0.00000
0.77400,	0.37591,	0.39058, 	0.00000, 	0.00000
0.77450,	0.37609,	0.39135, 	0.00000, 	0.00000
0.77500,	0.37512,	0.38867, 	0.00000, 	0.00000
0.77550,	0.37427,	0.38944, 	0.00000, 	0.00000
0.77600,	0.37545,	0.39027, 	0.00000, 	0.00000
0.77650,	0.37895,	0.39400, 	0.00000, 	0.00000
0.77700,	0.37839,	0.39277, 	0.00000, 	0.00000
0.77750,	0.37983,	0.39471, 	0.00000, 	0.00000
0.77800,	0.37920,	0.39325, 	0.00000, 	0.00000
0.77850,	0.37967,	0.39450, 	0.00000, 	0.00000
0.77900,	0.38007,	0.39452, 	0.00000, 	0.00000
0.77950,	0.38216,	0.39647, 	0.00000, 	0.00000
0.78000,	0.38193,	0.39680, 	0.00000, 	0.00000
0.78050,	0.38305,	0.39771, 	0.00000, 	0.00000
0.78100,	0.38438,	0.39958, 	0.00000, 	0.00000
0.78150,	0.38369,	0.39860, 	0.00000, 	0.00000
0.78200,	0.38487,	0.39996, 	0.00000, 	0.00000
0.78250,	0.38546,	0.39949, 	0.00000, 	0.00000
0.78300,	0.38604,	0.40112, 	0.00000, 	0.00000
0.78350,	0.38681,	0.40158, 	0.00000, 	0.00000
0.78400,	0.38645,	0.40076, 	0.00000, 	0.00000
0.78450,	0.38930,	0.40390, 	0.00000, 	0.00000
0.78500,	0.38938,	0.40472, 	0.00000, 	0.00000
0.78550,	0.38665,	0.40198, 	0.00000, 	0.00000
0.78600,	0.39019,	0.40440, 	0.00000, 	0.00000
0.78650,	0.39164,	0.40641, 	0.00000, 	0.00000
0.78700,	0.38927,	0.40386, 	0.00000, 	0.00000
0.78750,	0.39333,	0.40855, 	0.00000, 	0.00000
0.78800,	0.38925,	0.40388, 	0.00000, 	0.00000
0.78850,	0.39363,	0.40852, 	0.00000, 	0.00000
0.78900,	0.39269,	0.40766, 	0.00000, 	0.00000
0.78950,	0.39471,	0.41012, 	0.00000, 	0.00000
0.79000,	0.39374,	0.40868, 	0.00000, 	0.00000
0.79050,	0.39553,	0.41060, 	0.00000, 	0.00000
0.79100,	0.39562,	0.41036, 	0.00000, 	0.00000
0.79150,	0.39436,	0.40872, 	0.00000, 	0.00000
0.79200,	0.39699,	0.41188, 	0.00000, 	0.00000
0.79250,	0.39795,	0.41215, 	0.00000, 	0.00000
0.79300,	0.39992,	0.41498, 	0.00000, 	0.00000
0.79350,	0.39900,	0.41324, 	0.00000, 	0.00000
0.79400,	0.39804,	0.41231, 	0.00000, 	0.00000
0.79450,	0.39875,	0.41391, 	0.00000, 	0.00000
0.79500,	0.39713,	0.41161, 	0.00000, 	0.00000
0.79550,	0.39867,	0.41317, 	0.00000, 	0.00000
0.79600,	0.40163,	0.41698, 	0.00000, 	0.00000
0.79650,	0.40228,	0.41718, 	0.00000, 	0.00000
0.79700,	0.40470,	0.42048, 	0.00000, 	0.00000
0.79750,	0.40199,	0.41744, 	0.00000, 	0.00000
0.79800,	0.40280,	0.41830, 	0.00000, 	0.00000
0.79850,	0.40390,	0.41871, 	0.00000, 	0.00000
0.79900,	0.40639,	0.42098, 	0.00000, 	0.00000
0.79950,	0.40598,	0.42112, 	0.00000, 	0.00000
0.80000,	0.40688,	0.42154, 	0.00000, 	0.00000
0.80050,	0.40569,	0.42063, 	0.00000, 	0.00000
0.80100,	0.40664,	0.42153, 	0.00000, 	0.00000
0.80150,	0.40873,	0.42426, 	0.00000, 	0.00000
0.80200,	0.41000,	0.42505, 	0.00000, 	0.00000
0.80250,	0.40774,	0.42298, 	0.00000, 	0.00000
0.80300,	0.41176,	0.42671, 	0.00000, 	0.00000
0.80350,	0.40993,	0.42475, 	0.00000, 	0.00000
0.80400,	0.41227,	0.42710, 	0.00000, 	0.00000
0.80450,	0.41253,	0.42768, 	0.00000, 	0.00000
0.80500,	0.41274,	0.42820, 	0.00000, 	0.00000
0.80550,	0.41439,	0.42955, 	0.00000, 	0.00000
0.80600,	0.41368,	0.42880, 	0.00000, 	0.00000
0.80650,	0.41362,	0.42937, 	0.00000, 	0.00000
0.80700,	0.41517,	0.42931, 	0.00000, 	0.00000
0.80750,	0.41659,	0.43185, 	0.00000, 	0.00000
0.80800,	0.41864,	0.43459, 	0.00000, 	0.00000
0.80850,	0.41732,	0.43274, 	0.00000, 	0.00000
0.80900,	0.42053,	0.43568, 	0.00000, 	0.00000
0.80950,	0.41861,	0.43411, 	0.00000, 	0.00000
0.81000,	0.41861,	0.43312, 	0.00000, 	0.00000
0.81050,	0.41950,	0.43535, 	0.00000, 	0.00000
0.81100,	0.42157,	0.43697, 	0.00000, 	0.00000
0.81150,	0.42228,	0.43720, 	0.00000, 	0.00000
0.81200,	0.42219,	0.43667, 	0.00000, 	0.00000
0.81250,	0.41985,	0.43543, 	0.00000, 	0.00000
0.81300,	0.42405,	0.43943, 	0.00000, 	0.00000
0.81350,	0.42474,	0.44000, 	0.00000, 	0.00000
0.81400,	0.42376,	0.43906, 	0.00000, 	0.00000
0.81450,	0.42467,	0.44028, 	0.00000, 	0.00000
0.81500,	0.42624,	0.44207, 	0.00000, 	0.00000
0.81550,	0.42733,	0.44309, 	0.00000, 	0.00000
0.81600,	0.42610,	0.44111, 	0.00000, 	0.00000
0.81650,	0.42864,	0.44440, 	0.00000, 	0.00000
0.81700,	0.42616,	0.44177, 	0.00000, 	0.00000
0.81750,	0.42975,	0.44523, 	0.00000, 	0.00000
0.81800,	0.42952,	0.44557, 	0.00000, 	0.00000
0.81850,	0.42904,	0.44460, 	0.00000, 	0.00000
0.81900,	0.42900,	0.44396, 	0.00000, 	0.00000
0.81950,	0.43128,	0.44647, 	0.00000, 	0.00000
0.82000,	0.43066,	0.44578, 	0.00000, 	0.00000
0.82050,	0.43120,	0.44709, 	0.00000, 	0.00000
0.82100,	0.43472,	0.45066, 	0.00000, 	0.00000
0.82150,	0.43334,	0.44910, 	0.00000, 	0.00000
0.82200,	0.43634,	0.45272, 	0.00000, 	0.00000
0.82250,	0.43466,	0.45130, 	0.00000, 	0.00000
0.82300,	0.43612,	0.45203, 	0.00000, 	0.00000
0.82350,	0.43626,	0.45193, 	0.00000, 	0.00000
0.82400,	0.43666,	0.45235, 	0.00000, 	0.00000
0.82450,	0.43772,	0.45366, 	0.00000, 	0.00000
0.82500,	0.43580,	0.45156, 	0.00000, 	0.00000
0.82550,	0.43981,	0.45624, 	0.00000, 	0.00000
0.82600,	0.44015,	0.45539, 	0.00000, 	0.00000
0.82650,	0.43854,	0.45357, 	0.00000, 	0.00000
0.82700,	0.44201,	0.45834, 	0.00000, 	0.00000
0.82750,	0.44198,	0.45843, 	0.00000, 	0.00000
0.82800,	0.44332,	0.45885, 	0.00000, 	0.00000
0.82850,	0.44260,	0.45792, 	0.00000, 	0.00000
0.82900,	0.44376,	0.45995, 	0.00000, 	0.00000
0.82950,	0.44478,	0.46068, 	0.00000, 	0.00000
0.83000,	0.44597,	0.46096, 	0.00000, 	0.00000
0.83050,	0.44674,	0.46262, 	0.00000, 	0.00000
0.83100,	0.44407,	0.45965, 	0.00000, 	0.00000
0.83150,	0.44480,	0.46038, 	0.00000, 	0.00000
0.83200,	0.44827,	0.46417, 	0.00000, 	0.00000
0.83250,	0.44740,	0.46296, 	0.00000, 	0.00000
0.83300,	0.44957,	0.46496, 	0.00000, 	0.00000
0.83350,	0.45007,	0.46682, 	0.00000, 	0.00000
0.83400,	0.44911,	0.46482, 	0.00000, 	0.00000
0.83450,	0.45227,	0.46876, 	0.00000, 	0.00000
0.83500,	0.45079,	0.46697, 	0.00000, 	0.00000
0.83550,	0.45282,	0.46866, 	0.00000, 	0.00000
0.83600,	0.44998,	0.46575, 	0.00000, 	0.00000
0.83650,	0.45264,	0.46916, 	0.00000, 	0.00000
0.83700,	0.45522,	0.47117, 	0.00000, 	0.00000
0.83750,	0.45463,	0.47097, 	0.00000, 	0.00000
0.83800,	0.45468,	0.47127, 	0.00000, 	0.00000
0.83850,	0.45663,	0.47255, 	0.00000, 	0.00000
0.83900,	0.45467,	0.47010, 	0.00000, 	0.00000
0.83950,	0.45720,	0.47324, 	0.00000, 	0.00000
0.84000,	0.45611,	0.47200, 	0.00000, 	0.00000
0.84050,	0.45770,	0.47413, 	0.00000, 	0.00000
0.84100,	0.45695,	0.47296, 	0.00000, 	0.00000
0.84150,	0.46061,	0.47657, 	0.00000, 	0.00000
0.84200,	0.45956,	0.47549, 	0.00000, 	0.00000
0.84250,	0.46015,	0.47632, 	0.00000, 	0.00000
0.84300,	0.46482,	0.48111, 	0.00000, 	0.00000
0.84350,	0.46272,	0.47903, 	0.00000, 	0.00000
0.84400,	0.46366,	0.48021, 	0.00000, 	0.00000
0.84450,	0.46381,	0.48028, 	0.00000, 	0.00000
0.84500,	0.46462,	0.48071, 	0.00000, 	0.00000
0.84550,	0.46203,	0.47826, 	0.00000, 	0.00000
0.84600,	0.46287,	0.47840, 	0.00000, 	0.00000
0.84650,	0.46508,	0.48111, 	0.00000, 	0.00000
0.84700,	0.46782,	0.48396, 	0.00000, 	0.00000
0.84750,	0.46735,	0.48419, 	0.00000, 	0.00000
0.84800,	0.46810,	0.48458, 	0.00000, 	0.00000
0.84850,	0.46806,	0.48452, 	0.00000, 	0.00000
0.84900,	0.46920,	0.48563, 	0.00000, 	0.00000
0.84950,	0.47120,	0.48806, 	0.00000, 	0.00000
0.85000,	0.46905,	0.48503, 	0.00000, 	0.00000
0.85050,	0.47237,	0.48901, 	0.00000, 	0.00000
0.85100,	0.46927,	0.48550, 	0.00000, 	0.00000
0.85150,	0.46879,	0.48519, 	0.00000, 	0.00000
0.85200,	0.47205,	0.48783, 	0.00000, 	0.00000
0.85250,	0.47200,	0.48808, 	0.00000, 	0.00000
0.85300,	0.47650,	0.49375, 	0.00000, 	0.00000
0.85350,	0.47535,	0.49201, 	0.00000, 	0.00000
0.85400,	0.47513,	0.49204, 	0.00000, 	0.00000
0.85450,	0.47553,	0.49166, 	0.00000, 	0.00000
0.85500,	0.47570,	0.49195, 	0.00000, 	0.00000
0.85550,	0.47811,	0.49466, 	0.00000, 	0.00000
0.85600,	0.47861,	0.49579, 	0.00000, 	0.00000
0.85650,	0.47665,	0.49299, 	0.00000, 	0.00000
0.85700,	0.47818,	0.49478, 	0.00000, 	0.00000
0.85750,	0.47835,	0.49462, 	0.00000, 	0.00000
0.85800,	0.48092,	0.49701, 	0.00000, 	0.00000
0.85850,	0.48221,	0.49895, 	0.00000, 	0.00000
0.85900,	0.48131,	0.49786, 	0.00000, 	0.00000
0.85950,	0.48279,	0.49985, 	0.00000, 	0.00000
0.86000,	0.48435,	0.50090, 	0.00000, 	0.00000
0.86050,	0.48474,	0.50181, 	0.00000, 	0.00000
0.86100,	0.48477,	0.50169, 	0.00000, 	0.00000
0.86150,	0.48361,	0.49993, 	0.00000, 	0.00000
0.86200,	0.48487,	0.50169, 	0.00000, 	0.00000
0.86250,	0.48605,	0.50288, 	0.00000, 	0.00000
0.86300,	0.48552,	0.50175, 	0.00000, 	0.00000
0.86350,	0.48814,	0.50459, 	0.00000, 	0.00000
0.86400,	0.48898,	0.50560, 	0.00000, 	0.00000
0.86450,	0.48632,	0.50282, 	0.00000, 	0.00000
0.86500,	0.48794,	0.50451, 	0.00000, 	0.00000
0.86550,	0.48834,	0.50535, 	0.00000, 	0.00000
0.86600,	0.49149,	0.50881, 	0.00000, 	0.00000
0.86650,	0.49048,	0.50757, 	0.00000, 	0.00000
0.86700,	0.49337,	0.51066, 	0.00000, 	0.00000
0.86750,	0.49336,	0.51013, 	0.00000, 	0.00000
0.86800,	0.49359,	0.51061, 	0.00000, 	0.00000
0.86850,	0.49452,	0.51091, 	0.00000, 	0.00000
0.86900,	0.49489,	0.51246, 	0.00000, 	0.00000
0.86950,	0.49368,	0.51008, 	0.00000, 	0.00000
0.87000,	0.49629,	0.51267, 	0.00000, 	0.00000
0.87050,	0.49462,	0.51148, 	0.00000, 	0.00000
0.87100,	0.49653,	0.51392, 	0.00000, 	0.00000
0.87150,	0.49798,	0.51502, 	0.00000, 	0.00000
0.87200,	0.49467,	0.51080, 	0.00000, 	0.00000
0.87250,	0.49999,	0.51773, 	0.00000, 	0.00000
0.87300,	0.49924,	0.51618, 	0.00000, 	0.00000
0.87350,	0.50102,	0.51791, 	0.00000, 	0.00000
0.87400,	0.50228,	0.51950, 	0.00000, 	0.00000
0.87450,	0.50256,	0.51978, 	0.00000, 	0.00000
0.87500,	0.50123,	0.51835, 	0.00000, 	0.00000
0.87550,	0.50194,	0.51835, 	0.00000, 	0.00000
0.87600,	0.50099,	0.51831, 	0.00000, 	0.00000
0.87650,	0.50510,	0.52190, 	0.00000, 	0.00000
0.87700,	0.50564,	0.52294, 	0.00000, 	0.00000
0.87750,	0.50609,	0.52400, 	0.00000, 	0.00000
0.87800,	0.50545,	0.52248, 	0.00000, 	0.00000
0.87850,	0.50642,	0.52307, 	0.00000, 	0.00000
0.87900,	0.50706,	0.52375, 	0.00000, 	0.00000
0.87950,	0.50836,	0.52613, 	0.00000, 	0.00000
0.88000,	0.50993,	0.52754, 	0.00000, 	0.00000
0.88050,	0.50474,	0.52139, 	0.00000, 	0.00000
0.88100,	0.50939,	0.52683, 	0.00000, 	0.00000
0.88150,	0.51041,	0.52705, 	0.00000, 	0.00000
0.88200,	0.51199,	0.52952, 	0.00000, 	0.00000
0.88250,	0.51153,	0.52879, 	0.00000, 	0.00000
0.88300,	0.51320,	0.53094, 	0.00000, 	0.00000
0.88350,	0.51325,	0.53108, 	0.00000, 	0.00000
0.88400,	0.51287,	0.53001, 	0.00000, 	0.00000
0.88450,	0.51316,	0.53031, 	0.00000, 	0.00000
0.88500,	0.51530,	0.53224, 	0.00000, 	0.00000
0.88550,	0.51387,	0.53120, 	0.00000, 	0.00000
0.88600,	0.51498,	0.53208, 	0.00000, 	0.00000
0.88650,	0.51708,	0.53453, 	0.00000, 	0.00000
0.88700,	0.51583,	0.53263, 	0.00000, 	0.00000
0.88750,	0.51822,	0.53569, 	0.00000, 	0.00000
0.88800,	0.52092,	0.53962, 	0.00000, 	0.00000
0.88850,	0.52152,	0.53935, 	0.00000, 	0.00000
0.88900,	0.51913,	0.53640, 	0.00000, 	0.00000
0.88950,	0.52014,	0.53722, 	0.00000, 	0.00000
0.89000,	0.52050,	0.53826, 	0.00000, 	0.00000
0.89050,	0.52163,	0.53890, 	0.00000, 	0.00000
0.89100,	0.52374,	0.54136, 	0.00000, 	0.00000
0.89150,	0.52458,	0.54291, 	0.00000, 	0.00000
0.89200,	0.52279,	0.54053, 	0.00000, 	0.00000
0.89250,	0.52459,	0.54268, 	0.00000, 	0.00000
0.89300,	0.52501,	0.54271, 	0.00000, 	0.00000
0.89350,	0.52236,	0.54008, 	0.00000, 	0.00000
0.89400,	0.52724,	0.54508, 	0.00000, 	0.00000
0.89450,	0.52582,	0.54301, 	0.00000, 	0.00000
0.89500,	0.53156,	0.54969, 	0.00000, 	0.00000
0.89550,	0.52935,	0.54764, 	0.00000, 	0.00000
0.89600,	0.52895,	0.54707, 	0.00000, 	0.00000
0.89650,	0.53042,	0.54817, 	0.00000, 	0.00000
0.89700,	0.53068,	0.54818, 	0.00000, 	0.00000
0.89750,	0.53014,	0.54770, 	0.00000, 	0.00000
0.89800,	0.53206,	0.55003, 	0.00000, 	0.00000
0.89850,	0.53229,	0.54957, 	0.00000, 	0.00000
0.89900,	0.53561,	0.55324, 	0.00000, 	0.00000
0.89950,	0.53740,	0.55552, 	0.00000, 	0.00000
0.90000,	0.53458,	0.55257, 	0.00000, 	0.00000
0.90050,	0.53486,	0.55251, 	0.00000, 	0.00000
0.90100,	0.53526,	0.55315, 	0.00000, 	0.00000
0.90150,	0.53556,	0.55394, 	0.00000, 	0.00000
0.90200,	0.53735,	0.55539, 	0.00000, 	0.00000
0.90250,	0.53985,	0.55834, 	0.00000, 	0.00000
0.90300,	0.53885,	0.55620, 	0.00000, 	0.00000
0.90350,	0.53814,	0.55652, 	0.00000, 	0.00000
0.90400,	0.53974,	0.55734, 	0.00000, 	0.00000
0.90450,	0.53970,	0.55715, 	0.00000, 	0.00000
0.90500,	0.54062,	0.55830, 	0.00000, 	0.00000
0.90550,	0.54177,	0.55989, 	0.00015, 	0.00000
0.90600,	0.53939,	0.55720, 	0.00000, 	0.00000
0.90650,	0.54472,	0.56286, 	0.00000, 	0.00000
0.90700,	0.54339,	0.56127, 	0.00000, 	0.00000
0.90750,	0.54535,	0.56394, 	0.00000, 	0.00000
0.90800,	0.54383,	0.56202, 	0.00000, 	0.00000
0.90850,	0.54387,	0.56215, 	0.00000, 	0.00000
0.90900,	0.54753,	0.56624, 	0.00000, 	0.00000
0.90950,	0.54652,	0.56476, 	0.00000, 	0.00000
0.91000,	0.54719,	0.56505, 	0.00000, 	0.00000
0.91050,	0.54790,	0.56638, 	0.00000, 	0.00000
0.91100,	0.54724,	0.56555, 	0.00000, 	0.00000
0.91150,	0.55093,	0.56864, 	0.00000, 	0.00000
0.91200,	0.54970,	0.56764, 	0.00000, 	0.00000
0.91250,	0.54945,	0.56789, 	0.00000, 	0.00000
0.91300,	0.55319,	0.57220, 	0.00000, 	0.00000
0.91350,	0.55243,	0.57040, 	0.00000, 	0.00000
0.91400,	0.55266,	0.57022, 	0.00000, 	0.00000
0.91450,	0.55355,	0.57257, 	0.00000, 	0.00000
0.91500,	0.55237,	0.57039, 	0.00000, 	0.00000
0.91550,	0.55484,	0.57289, 	0.00000, 	0.00000
0.91600,	0.55334,	0.57107, 	0.00000, 	0.00000
0.91650,	0.55531,	0.57410, 	0.00000, 	0.00000
0.91700,	0.55673,	0.57551, 	0.00000, 	0.00000
0.91750,	0.55730,	0.57517, 	0.00000, 	0.00000
0.91800,	0.55831,	0.57677, 	0.00000, 	0.00000
0.91850,	0.55605,	0.57350, 	0.00000, 	0.00000
0.91900,	0.55964,	0.57825, 	0.00000, 	0.00000
0.91950,	0.55882,	0.57714, 	0.00000, 	0.00000
0.92000,	0.56210,	0.58080, 	0.00000, 	0.00000
0.92050,	0.56171,	0.58030, 	0.00000, 	0.00000
0.92100,	0.56089,	0.57902, 	0.00000, 	0.00000
0.92150,	0.56209,	0.58075, 	0.00000, 	0.00000
0.92200,	0.56433,	0.58311, 	0.00000, 	0.00000
0.92250,	0.56344,	0.58213, 	0.00000, 	0.00000
0.92300,	0.56553,	0.58434, 	0.00000, 	0.00000
0.92350,	0.56506,	0.58346, 	0.00000, 	0.00000
0.92400,	0.56482,	0.58356, 	0.00000, 	0.00000
0.92450,	0.56660,	0.58481, 	0.00000, 	0.00000
0.92500,	0.56771,	0.58635, 	0.00000, 	0.00000
0.92550,	0.56985,	0.58982, 	0.00000, 	0.00000
0.92600,	0.56821,	0.58654, 	0.00000, 	0.00000
0.92650,	0.57127,	0.58990, 	0.00000, 	0.00000
0.92700,	0.57110,	0.59041, 	0.00000, 	0.00000
0.92750,	0.56850,	0.58653, 	0.00000, 	0.00000
0.92800,	0.57123,	0.58962, 	0.00000, 	0.00000
0.92850,	0.57058,	0.58881, 	0.00000, 	0.00000
0.92900,	0.57093,	0.58902, 	0.00000, 	0.00000
0.92950,	0.56980,	0.58807, 	0.00000, 	0.00000
0.93000,	0.57419,	0.59314, 	0.00000, 	0.00000
0.93050,	0.57354,	0.59246, 	0.00000, 	0.00000
0.93100,	0.57440,	0.59344, 	0.00000, 	0.00000
0.93150,	0.57788,	0.59707, 	0.00000, 	0.00000
0.93200,	0.57735,	0.59620, 	0.00000, 	0.00000
0.93250,	0.57691,	0.59579, 	0.00000, 	0.00000
0.93300,	0.58014,	0.59903, 	0.00000, 	0.00000
0.93350,	0.57634,	0.59425, 	0.00000, 	0.00000
0.93400,	0.57936,	0.59931, 	0.00000, 	0.00000
0.93450,	0.58131,	0.60060, 	0.00000, 	0.00000
0.93500,	0.58094,	0.59971, 	0.00000, 	0.00000
0.93550,	0.58057,	0.59959, 	0.00000, 	0.00000
0.93600,	0.58193,	0.60082, 	0.00000, 	0.00000
0.93650,	0.58122,	0.59983, 	0.00000, 	0.00000
0.93700,	0.58231,	0.60128, 	0.00040, 	0.00000
0.93750,	0.58233,	0.60142, 	0.00000, 	0.00000
0.93800,	0.58407,	0.60306, 	0.00000, 	0.00000
0.93850,	0.58573,	0.60472, 	0.00000, 	0.00000
0.93900,	0.58722,	0.60678, 	0.00000, 	0.00000
0.93950,	0.58879,	0.60846, 	0.00000, 	0.00000
0.94000,	0.58640,	0.60552, 	0.00000, 	0.00000
0.94050,	0.58629,	0.60537, 	0.00000, 	0.00000
0.94100,	0.58721,	0.60634, 	0.00000, 	0.00000
0.94150,	0.58651,	0.60470, 	0.00000, 	0.00000
0.94200,	0.58866,	0.60863, 	0.00000, 	0.00000
0.94250,	0.59271,	0.61182, 	0.00005, 	0.00000
0.94300,	0.59002,	0.60924, 	0.00000, 	0.00000
0.94350,	0.58938,	0.60883, 	0.00013, 	0.00000
0.94400,	0.59394,	0.61375, 	0.00000, 	0.00000
0.94450,	0.59343,	0.61271, 	0.00000, 	0.00000
0.94500,	0.59239,	0.61127, 	0.00000, 	0.00000
0.94550,	0.59366,	0.61317, 	0.00000, 	0.00000
0.94600,	0.59652,	0.61576, 	0.00000, 	0.00000
0.94650,	0.59545,	0.61497, 	0.00000, 	0.00000
0.94700,	0.59713,	0.61750, 	0.00000, 	0.00000
0.94750,	0.59975,	0.62006, 	0.00000, 	0.00000
0.94800,	0.59729,	0.61639, 	0.00016, 	0.00000
0.94850,	0.59600,	0.61549, 	0.00000, 	0.00000
0.94900,	0.59876,	0.61778, 	0.00000, 	0.00000
0.94950,	0.59985,	0.61949, 	0.00000, 	0.00000
0.95000,	0.59876,	0.61783, 	0.00000, 	0.00000
0.95050,	0.60018,	0.61997, 	0.00000, 	0.00000
0.95100,	0.60091,	0.62117, 	0.00000, 	0.00000
0.95150,	0.60108,	0.62035, 	0.00000, 	0.00000
0.95200,	0.60368,	0.62345, 	0.00021, 	0.00000
0.95250,	0.60441,	0.62417, 	0.00000, 	0.00000
0.95300,	0.60416,	0.62282, 	0.00000, 	0.00000
0.95350,	0.60348,	0.62278, 	0.00000, 	0.00000
0.95400,	0.60478,	0.62495, 	0.00002, 	0.00000
0.95450,	0.60655,	0.62628, 	0.00026, 	0.00000
0.95500,	0.60521,	0.62455, 	0.00024, 	0.00000
0.95550,	0.60630,	0.62581, 	0.00000, 	0.00000
0.95600,	0.60659,	0.62686, 	0.00000, 	0.00000
0.95650,	0.60950,	0.62944, 	0.00017, 	0.00000
0.95700,	0.60992,	0.62949, 	0.00065, 	0.00000
0.95750,	0.60721,	0.62669, 	0.00000, 	0.00000
0.95800,	0.60876,	0.62850, 	0.00060, 	0.00000
0.95850,	0.61115,	0.63120, 	0.00035, 	0.00000
0.95900,	0.61311,	0.63337, 	0.00014, 	0.00000
0.95950,	0.61224,	0.63229, 	0.00042, 	0.00000
0.96000,	0.61255,	0.63200, 	0.00000, 	0.00000
0.96050,	0.61290,	0.63288, 	0.00052, 	0.00000
0.96100,	0.61736,	0.63826, 	0.00060, 	0.00000
0.96150,	0.61178,	0.63113, 	0.00034, 	0.00000
0.96200,	0.61519,	0.63472, 	0.00006, 	0.00000
0.96250,	0.61788,	0.63890, 	0.00139, 	0.00000
0.96300,	0.61507,	0.63523, 	0.00051, 	0.00000
0.96350,	0.61903,	0.63904, 	0.00043, 	0.00000
0.96400,	0.61450,	0.63413, 	0.00014, 	0.00000
0.96450,	0.61842,	0.63832, 	0.00053, 	0.00000
0.96500,	0.61820,	0.63825, 	0.00152, 	0.00000
0.96550,	0.62261,	0.64341, 	0.00120, 	0.00000
0.96600,	0.62024,	0.64004, 	0.00121, 	0.00000
0.96650,	0.62241,	0.64270, 	0.00041, 	0.00000
0.96700,	0.62013,	0.63909, 	0.00061, 	0.00000
0.96750,	0.62323,	0.64349, 	0.00055, 	0.00000
0.96800,	0.62394,	0.64489, 	0.00098, 	0.00000
0.96850,	0.62490,	0.64583, 	0.00193, 	0.00000
0.96900,	0.62287,	0.64301, 	0.00117, 	0.00000
0.96950,	0.62438,	0.64413, 	0.00133, 	0.00000
0.97000,	0.62497,	0.64482, 	0.00103, 	0.00000
0.97050,	0.62744,	0.64801, 	0.00213, 	0.00000
0.97100,	0.62837,	0.64859, 	0.00263, 	0.00000
0.97150,	0.62969,	0.65043, 	0.00190, 	0.00000
0.97200,	0.63164,	0.65235, 	0.00263, 	0.00000
0.97250,	0.62961,	0.64964, 	0.00220, 	0.00000
0.97300,	0.63048,	0.65093, 	0.00152, 	0.00000
0.97350,	0.63198,	0.65213, 	0.00256, 	0.00000
0.97400,	0.63175,	0.65256, 	0.00227, 	0.00000
0.97450,	0.63217,	0.65319, 	0.00357, 	0.00000
0.97500,	0.63080,	0.65107, 	0.00370, 	0.00000
0.97550,	0.63306,	0.65344, 	0.00197, 	0.00000
0.97600,	0.63449,	0.65508, 	0.00554, 	0.00000
0.97650,	0.63689,	0.65752, 	0.00605, 	0.00000
0.97700,	0.63528,	0.65575, 	0.00504, 	0.00000
0.97750,	0.63276,	0.65224, 	0.00402, 	0.00000
0.97800,	0.63690,	0.65750, 	0.00649, 	0.00000
0.97850,	0.63882,	0.65929, 	0.00590, 	0.00000
0.97900,	0.63518,	0.65549, 	0.00578, 	0.00000
0.97950,	0.63952,	0.66035, 	0.00794, 	0.00000
0.98000,	0.64080,	0.66196, 	0.01041, 	0.00000
0.98050,	0.64064,	0.66152, 	0.00744, 	0.00000
0.98100,	0.64070,	0.66143, 	0.00884, 	0.00000
0.98150,	0.63972,	0.66055, 	0.01010, 	0.00000
0.98200,	0.64165,	0.66186, 	0.00923, 	0.00000
0.98250,	0.63889,	0.65869, 	0.01005, 	0.00000
0.98300,	0.64227,	0.66262, 	0.01337, 	0.00000
0.98350,	0.64245,	0.66318, 	0.01618, 	0.00000
0.98400,	0.64427,	0.66479, 	0.01608, 	0.00000
0.98450,	0.64344,	0.66416, 	0.01676, 	0.00000
0.98500,	0.64633,	0.66690, 	0.01831, 	0.00000
0.98550,	0.64530,	0.66606, 	0.02284, 	0.00000
0.98600,	0.64556,	0.66626, 	0.02511, 	0.00000
0.98650,	0.65016,	0.67154, 	0.02853, 	0.00000
0.98700,	0.64540,	0.66644, 	0.02750, 	0.00000
0.98750,	0.64684,	0.66707, 	0.02656, 	0.00000
0.98800,	0.64817,	0.66872, 	0.03067, 	0.00000
0.98850,	0.64972,	0.67025, 	0.03277, 	0.00000
0.98900,	0.65258,	0.67370, 	0.03998, 	0.00000
0.98950,	0.64867,	0.66843, 	0.03523, 	0.00000
0.99000,	0.65254,	0.67374, 	0.05139, 	0.00000
0.99050,	0.65094,	0.67177, 	0.05066, 	0.00000
0.99100,	0.65515,	0.67578, 	0.05618, 	0.00000
0.99150,	0.65432,	0.67609, 	0.06974, 	0.00000
0.99200,	0.65321,	0.67374, 	0.06870, 	0.00000
0.99250,	0.65619,	0.67725, 	0.07718, 	0.00000
0.99300,	0.65818,	0.67884, 	0.08176, 	0.00000
0.99350,	0.65530,	0.67696, 	0.09723, 	0.00000
0.99400,	0.65923,	0.68063, 	0.10538, 	0.00000
0.99450,	0.65873,	0.68054, 	0.11704, 	0.00000
0.99500,	0.65800,	0.67851, 	0.11092, 	0.00000
0.99550,	0.65979,	0.68107, 	0.13002, 	0.00000
0.99600,	0.66158,	0.68325, 	0.14833, 	0.00000
0.99650,	0.66035,	0.68131, 	0.15405, 	0.00000
0.99700,	0.66163,	0.68301, 	0.17190, 	0.00000
0.99750,	0.66101,	0.68193, 	0.18056, 	0.00000
0.99800,	0.66308,	0.68438, 	0.20385, 	0.00000
0.99850,	0.66215,	0.68300, 	0.21743, 	0.00000
0.99900,	0.66150,	0.68220, 	0.24009, 	0.00000
0.99950,	0.66178,	0.68288, 	0.26887, 	0.00000

Total running time = 1385.351s
